0 0 0 0 0 0 0 0 0 0 0 0 0 0 0 0 0 0 0 0 0 0 0 0 0 0 0 0 0 0 0 0 0 0 0 0 0 0 0 0 0 0 0 0 0 0 0 0 0 0 0 0 0 0 0 0 0 0 0 0 0 0 0 0 0 0 0 0 0 0 0 0 0 0 0 0 0 0 0 0 0 0 0 0 0 0 0 0 0 0 0 0 0 0 0 0 0 0 0 0 0 0 0 0 0 0 0 0 0 0 0 0 0 0 0 0 0 0 0 0 0 0 0 0 0 0 0 0 0 0 0 0 0 0 0 0 0 0 0 0
0 0 0 0 0 0 0 0 0 0 0 0 0 0 0 0 0 0 0 0 0 0 0 0 0 0 0 0 0 0 0 0 0 0 0 0 0 0 0 0 0 0 0 0 0 0 0 0 0 0 0 0 0 0 0 0 0 0 0 0 0 0 0 0 0 0 0 0 0 0 0 0 0 0 0 0 0 0 0 0 0 0 0 0 0 0 0 0 0 0 0 0 0 0 0 0 0 0 0 0 0 0 0 0 0 0 0 0 0 0 0 0 0 0 0 0 0 0 0 0 0 0 0 0 0 0 0 0 0 0 0 0 0 0 0 0 0 0 0 0
0 0 0 0 0 0 0 0 0 0 0 0 0 0 0 0 0 0 0 0 0 0 0 0 0 0 0 0 0 0 0 0 0 0 0 0 0 0 0 0 0 0 0 0 0 0 0 0 0 0 0 0 0 0 0 0 0 0 0 0 0 0 0 0 0 0 0 0 0 0 0 0 0 0 0 0 0 0 0 0 0 0 0 0 0 0 0 0 0 0 0 0 0 0 0 0 0 0 0 0 0 0 0 0 0 0 0 0 0 0 0 0 0 0 0 0 0 0 0 0 0 0 0 0 0 0 0 0 0 0 0 0 0 0 0 0 0 0 0 0
0 0 0 0 0 0 0 0 0 0 0 0 0 0 0 0 0 0 0 0 0 0 0 0 0 0 0 0 0 0 0 0 0 0 0 0 0 0 0 0 0 0 0 0 0 0 0 0 0 0 0 0 15277 15278 0 0 0 0 0 0 0 0 0 0 0 0 0 0 0 0 0 0 0 0 0 0 0 0 0 0 0 0 0 0 0 0 0 0 0 0 0 0 0 0 0 0 0 0 0 0 0 0 0 0 0 0 0 0 0 0 0 0 0 0 0 0 0 0 0 0 0 0 0 0 0 0 0 0 0 0 0 0 0 0 0 0 0 0 0 0
0 0 0 0 0 0 0 0 0 0 0 0 0 0 0 0 0 0 0 0 0 0 0 0 0 0 0 0 0 0 0 0 0 0 0 0 0 0 0 0 0 0 0 0 0 0 0 0 0 0 0 0 15276 15279 0 0 0 0 0 0 0 0 0 0 0 0 0 0 0 0 0 0 0 0 0 0 0 0 0 0 0 0 0 0 0 0 0 0 0 0 0 0 0 0 0 0 0 0 0 0 0 0 0 0 0 0 0 0 0 0 0 0 0 0 0 0 0 0 0 0 0 0 0 0 0 0 0 0 0 0 0 0 0 0 0 0 0 0 0 0
0 0 0 0 0 0 0 0 0 0 0 0 0 0 0 0 0 0 0 0 0 0 0 0 0 0 0 0 0 0 0 0 0 0 0 0 0 0 0 0 0 0 0 0 0 0 0 0 0 0 0 0 15275 15280 15281 0 0 0 15295 15296 0 0 0 0 0 0 0 0 0 0 0 0 0 0 0 0 0 0 0 0 0 0 0 0 0 0 0 0 0 0 0 0 17193 17194 17195 17196 0 17216 17217 0 0 0 0 0 0 0 0 0 0 0 0 0 0 0 0 0 0 0 0 0 0 0 0 0 0 0 0 0 0 0 0 0 0 0 0 0 0 0 0 0
0 0 0 0 0 0 0 0 0 0 0 0 0 0 0 0 0 0 0 0 0 0 0 0 0 0 0 0 0 0 0 0 0 0 0 0 0 0 0 0 0 0 0 0 0 0 0 0 0 0 0 0 15274 15273 15282 15283 15288 15289 15294 15297 0 0 0 0 0 0 0 0 0 0 0 0 0 0 0 0 0 0 0 0 0 0 0 0 0 0 0 0 0 0 0 0 17192 17191 17190 17197 17198 17215 17218 17221 17222 0 0 0 0 0 0 0 0 0 0 0 0 0 0 0 0 0 0 0 0 0 0 0 0 0 0 0 0 0 0 0 0 0 0 0 0 0 0 0
0 0 0 0 0 0 0 0 0 0 0 0 0 0 0 0 0 0 0 0 0 0 0 0 0 0 0 0 0 14466 14467 14468 14471 14472 0 0 0 0 0 0 0 0 0 0 0 0 0 0 0 0 15211 15212 15213 15272 15271 15284 15287 15290 15293 15298 15299 0 0 0 0 0 0 0 0 0 0 0 0 0 0 0 0 0 0 0 0 0 0 0 0 0 0 0 0 0 0 0 0 0 17189 17188 17199 17214 17219 17220 17223 17224 0 0 0 0 0 0 0 0 0 0 0 0 0 0 0 0 0 0 0 0 0 0 0 0 0 0 0 0 0 0 0 0 0 0 0 0 0 0
0 0 0 0 0 0 0 0 0 0 0 0 0 0 0 0 0 0 0 0 0 0 0 0 0 0 0 0 0 14465 14464 14469 14470 14473 0 0 14508 14509 0 0 0 0 0 0 0 0 0 0 0 0 15210 15209 15214 0 15270 15285 15286 15291 15292 15301 15300 0 0 0 0 0 0 0 0 0 0 0 0 0 0 0 0 0 0 0 0 0 0 0 0 0 0 0 0 0 0 17181 17182 17183 17186 17187 17200 17213 17228 17227 17226 17225 0 0 0 0 0 0 0 0 0 0 0 0 0 0 0 0 0 0 0 0 0 0 0 0 0 0 0 0 0 0 0 0 0 0 0 0 0 0
0 0 0 0 0 0 0 0 0 0 0 0 0 0 0 0 0 0 0 0 0 0 0 0 0 0 0 0 14461 14462 14463 14476 14475 14474 0 0 14507 14510 14511 0 0 15006 15007 0 0 0 15053 15054 15055 15206 15207 15208 15215 15216 15269 15268 15267 15304 15303 15302 0 0 0 0 0 0 0 0 0 0 0 0 0 0 0 0 0 17048 17049 0 0 0 0 0 0 0 0 0 0 0 0 17180 17179 17184 17185 17202 17201 17212 17229 17250 17251 17254 17255 0 0 0 0 0 0 0 0 17508 17509 0 0 0 0 0 0 0 0 0 0 0 0 0 0 0 0 0 0 0 0 0 0 0 0 0 0 0
0 0 0 0 0 0 0 0 0 0 0 0 0 0 0 0 0 0 0 0 0 0 0 0 0 0 0 0 14460 14459 14458 14477 0 14485 14486 14487 14506 14513 14512 0 0 15005 15008 15009 0 0 15052 15051 15056 15205 15204 15203 15202 15217 15218 15265 15266 15305 15306 15307 15308 15309 15336 15337 15338 0 0 0 0 0 0 0 0 0 0 17045 17046 17047 17050 17051 17054 17055 17064 17065 0 0 17080 17081 17082 17083 17106 17107 17178 17177 17176 17203 17204 17211 17230 17249 17252 17253 17256 0 0 0 17494 17495 0 0 17506 17507 17510 17511 0 0 0 0 0 0 0 0 0 0 0 0 0 0 0 0 0 0 0 0 0 0 0 0 0 0
0 0 0 0 0 0 0 0 0 0 0 0 0 0 0 0 0 0 0 0 0 0 0 0 0 0 0 14454 14455 14456 14457 14478 14483 14484 14489 14488 14505 14514 0 0 15003 15004 15011 15010 0 15048 15049 15050 15057 15058 15197 15198 15201 15220 15219 15264 15263 15262 15313 15312 15311 15310 15335 15340 15339 0 15353 15354 0 0 0 0 0 0 0 17044 17043 17042 17041 17052 17053 17056 17063 17066 17067 17068 17079 17086 17085 17084 17105 17108 17117 17118 17175 17206 17205 17210 17231 17248 17259 17258 17257 0 0 17492 17493 17496 17497 17498 17505 17514 17513 17512 0 0 0 0 0 0 0 0 0 0 0 0 0 0 0 0 0 0 0 0 0 0 0 0 0 0
0 0 0 0 0 0 0 0 0 0 0 0 0 0 0 0 0 0 0 0 0 0 0 0 0 0 0 14453 14452 14451 14450 14479 14482 14491 14490 0 14504 14515 14520 14521 15002 15001 15012 15017 15018 15047 15046 15045 15044 15059 15196 15199 15200 15221 15222 15259 15260 15261 15314 15315 15316 15333 15334 15341 15342 15351 15352 15355 15356 15357 15358 0 0 0 16344 16345 16348 16349 17040 17039 17058 17057 17062 17071 17070 17069 17078 17087 17102 17103 17104 17109 17116 17119 17174 17207 17208 17209 17232 17247 17260 17265 17266 17271 17272 17491 17490 17489 17500 17499 17504 17515 0 17521 17522 17559 17560 17561 0 0 0 0 0 0 0 0 0 0 0 0 0 0 0 0 0 0 0 0 0 0
0 0 0 0 0 0 0 0 0 0 0 0 0 0 0 0 0 0 0 0 0 0 0 0 0 0 14293 14294 0 14448 14449 14480 14481 14492 14497 14498 14503 14516 14519 14522 14999 15000 15013 15016 15019 15028 15029 15042 15043 15060 15195 15194 15193 15192 15223 15258 15257 15320 15319 15318 15317 15332 15331 15344 15343 15350 15367 15366 15365 15360 15359 16330 16331 16342 16343 16346 16347 16350 16351 17038 17059 17060 17061 17072 17073 0 17077 17088 17101 17100 17099 17110 17115 17120 17173 17172 17171 17234 17233 17246 17261 17264 17267 17270 17273 0 17487 17488 17501 17502 17503 17516 17519 17520 17523 17558 17557 17562 0 0 0 0 0 0 0 0 0 0 0 0 0 0 0 0 0 0 0 0 0 0
0 0 0 0 0 0 0 0 0 0 0 0 0 0 0 0 0 0 0 0 0 0 0 0 0 0 14292 14295 14296 14447 14446 14445 14444 14493 14496 14499 14502 14517 14518 14523 14998 14997 15014 15015 15020 15027 15030 15041 15040 15061 15062 15139 15140 15191 15224 15225 15256 15321 15322 15323 15326 15327 15330 15345 15348 15349 15368 15369 15364 15361 16328 16329 16332 16341 16340 16339 16354 16353 16352 17037 17034 17033 17032 17031 17074 17075 17076 17089 17090 17091 17098 17111 17114 17121 17168 17169 17170 17235 17244 17245 17262 17263 17268 17269 17274 17275 17486 17485 17484 17483 17482 17517 17518 17525 17524 17555 17556 17563 17564 17565 0 0 0 0 0 0 0 0 0 0 0 0 0 0 0 0 0 0 0 0
0 0 0 0 0 0 0 0 0 0 0 0 0 0 0 0 0 0 0 0 0 0 0 14278 14279 0 14291 14298 14297 14440 14441 14442 14443 14494 14495 14500 14501 14528 14527 14524 0 14996 14995 14994 15021 15026 15031 15038 15039 15064 15063 15138 15141 15190 15189 15226 15255 15254 15253 15324 15325 15328 15329 15346 15347 15372 15371 15370 15363 15362 16327 16326 16333 0 16337 16338 16355 16356 0 17036 17035 17028 17029 17030 17023 17022 17017 17016 17015 17092 17097 17112 17113 17122 17167 17166 17165 17236 17243 17242 17281 17280 17279 17278 17277 17276 17449 17450 17479 17480 17481 17528 17527 17526 17553 17554 17571 17570 17567 17566 0 0 0 0 0 0 0 0 0 0 0 0 0 0 0 0 0 0 0 0
0 0 0 0 0 0 0 0 0 0 0 0 0 0 0 0 0 0 0 0 0 0 0 14277 14280 14289 14290 14299 0 14439 14438 14437 14434 14433 14532 14531 14530 14529 14526 14525 14578 14579 14992 14993 15022 15025 15032 15037 15036 15065 0 15137 15142 0 15188 15227 15230 15231 15252 15251 15250 15383 15382 15381 15380 15373 15374 15375 0 16217 16218 16325 16334 16335 16336 16359 16358 16357 16378 16379 0 17027 17026 17025 17024 17021 17018 0 17014 17093 17096 17125 17124 17123 17148 17149 17164 17237 0 17241 17282 17285 17286 17289 17290 17447 17448 17451 17478 17477 17476 17529 17550 17551 17552 17573 17572 17569 17568 0 0 0 0 0 0 0 0 0 0 0 0 0 0 0 0 0 0 0 0 0
0 0 0 0 0 0 0 0 0 0 0 0 0 0 0 0 0 0 0 0 0 0 0 14276 14281 14288 14301 14300 14313 14314 0 14436 14435 14432 14533 14542 14543 14544 14545 14576 14577 14580 14991 14990 15023 15024 15033 15034 15035 15066 15067 15136 15143 15144 15187 15228 15229 15232 15241 15242 15249 15384 15389 15390 15379 15378 15377 15376 16215 16216 16219 16324 16321 16320 16319 16360 16371 16372 16377 16380 16519 16520 16521 16986 16987 17020 17019 17012 17013 17094 17095 17126 17135 17136 17147 17150 17163 17238 17239 17240 17283 17284 17287 17288 17291 17446 17445 17452 17453 0 17475 17530 17549 17548 17575 17574 0 0 0 0 0 0 0 0 0 0 0 0 0 0 0 0 0 0 0 0 0 0 0 0
0 0 0 0 0 0 0 0 0 0 0 0 0 0 0 0 0 0 0 0 0 14271 14272 14275 14282 14287 14302 14311 14312 14315 14428 14429 14430 14431 14534 14541 14540 14547 14546 14575 14574 14581 14582 14989 15074 15073 15072 15071 15070 15069 15068 15135 15146 15145 15186 15185 15234 15233 15240 15243 15248 15385 15388 15391 15394 15395 15398 15399 16214 16213 16220 16323 16322 0 16318 16361 16370 16373 16376 16381 16518 16523 16522 16985 16988 16989 17010 17011 17004 17003 17002 17127 17134 17137 17146 17151 17162 17303 17302 17301 17300 17297 17296 17295 17292 17443 17444 17455 17454 17473 17474 17531 17532 17547 17576 17579 17580 0 0 0 0 0 0 17733 17734 17735 0 0 0 0 0 0 0 0 0 0 0 0 0 0
0 0 0 0 0 0 0 0 0 0 0 0 0 0 0 0 0 0 0 0 0 14270 14273 14274 14283 14286 14303 14310 14309 14316 14427 14426 14425 14424 14535 0 14539 14548 14549 14550 14573 14572 14583 14988 15075 0 15081 15082 15083 15132 15133 15134 15147 15152 15153 15184 15235 15236 15239 15244 15247 15386 15387 15392 15393 15396 15397 15400 15401 16212 16221 16222 16315 16316 16317 16362 16369 16374 16375 16382 16517 16524 16525 16984 16983 16990 17009 17008 17005 17000 17001 17128 17133 17138 17145 17152 17161 17304 17305 17306 17299 17298 0 17294 17293 17442 17441 17456 17471 17472 17535 17534 17533 17546 17577 17578 17581 17582 0 0 0 0 0 17732 17731 17736 0 0 0 0 0 0 0 0 0 0 0 0 0 0
0 0 0 0 0 0 0 0 0 0 0 0 0 0 0 0 0 0 0 0 14268 14269 14264 14263 14284 14285 14304 14305 14308 14317 0 14421 14422 14423 14536 14537 14538 14553 14552 14551 14570 14571 14584 14987 15076 15077 15080 15085 15084 15131 15130 15129 15148 15151 15154 15183 15182 15237 15238 15245 15246 15409 15408 15407 15406 15405 15404 15403 15402 16211 16224 16223 16314 16313 16312 16363 16368 16385 16384 16383 16516 16515 16526 0 16982 16991 16992 17007 17006 16999 16998 17129 17132 17139 17144 17153 17160 17309 17308 17307 0 17327 17328 0 17418 17419 17440 17457 17470 17537 17536 17543 17544 17545 17586 17585 17584 17583 0 0 0 0 0 0 17730 17737 17740 17741 0 0 0 0 0 0 0 0 0 0 0 0
0 0 0 0 0 0 0 0 0 0 0 0 0 0 0 0 0 0 0 0 14267 14266 14265 14262 14261 14248 14247 14306 14307 14318 14319 14420 14419 14418 14417 14416 14415 14554 0 14568 14569 14586 14585 14986 14985 15078 15079 15086 15087 15106 15107 15128 15149 15150 15155 15156 15181 15180 15179 15412 15411 15410 15713 15714 15715 15716 15717 16206 16207 16210 16225 16226 16243 16244 16311 16364 16367 16386 16389 16390 0 16514 16527 16528 16981 16980 16993 16994 16995 16996 16997 17130 17131 17140 17143 17154 17159 17310 17317 17318 17319 17326 17329 17330 17417 17420 17439 17458 17469 17538 0 17542 17589 17588 17587 17680 17681 0 0 0 0 0 0 17728 17729 17738 17739 17742 0 0 0 0 0 0 0 0 0 0 0 0
0 0 0 0 0 0 0 0 0 0 0 0 0 0 0 0 0 0 0 0 0 14257 14258 14259 14260 14249 14246 14245 14244 14321 14320 14409 14410 14411 14412 14413 14414 14555 14556 14567 14566 14587 14588 14983 14984 15091 15090 15089 15088 15105 15108 15127 15126 15159 15158 15157 0 15177 15178 15413 15414 15415 15712 15711 15722 15721 15718 16205 16208 16209 16228 16227 16242 16245 16310 16365 16366 16387 16388 16391 16392 16513 16512 16529 16530 16979 16978 16977 16976 16975 16974 16973 16972 17141 17142 17155 17158 17311 17316 17321 17320 17325 17332 17331 17416 17421 17438 17459 17468 17539 17540 17541 17590 17673 17674 17679 17682 17687 17688 17693 17694 17695 17726 17727 17746 17745 17744 17743 0 0 0 0 0 0 0 0 0 0 0 0
0 0 0 0 0 0 0 0 0 0 0 0 0 14050 14051 0 0 0 0 0 0 14256 14255 14254 14253 14250 14241 14242 14243 14322 14323 14408 14407 14406 14405 14404 14403 14558 14557 0 14565 14590 14589 14982 14981 15092 15093 15098 15099 15104 15109 0 15125 15160 15167 15168 15175 15176 15419 15418 15417 15416 15709 15710 15723 15720 15719 16204 16203 16202 16229 16230 16241 16246 16309 16308 16307 16306 16395 16394 16393 16510 16511 16532 16531 16958 16959 16960 16961 16962 16963 16964 16971 16970 16969 17156 17157 17312 17315 17322 17323 17324 17333 17334 17415 17422 17437 17460 17467 17596 17595 17592 17591 17672 17675 17678 17683 17686 17689 17692 17697 17696 17725 17724 17747 17748 0 0 0 0 0 0 0 0 0 0 0 0 0 0
0 0 0 0 0 0 0 0 0 0 0 0 0 14049 14052 0 0 0 0 0 0 0 14212 14213 14252 14251 14240 14239 14238 14237 14324 0 14380 14381 14384 14385 14402 14559 14562 14563 14564 14591 14602 14603 14980 14979 15094 15097 15100 15103 15110 15123 15124 15161 15166 15169 15174 15421 15420 0 15698 15699 15708 15707 15724 15727 15728 16199 16200 16201 16232 16231 16240 16247 16248 16301 16302 16305 16396 16397 16398 16509 16508 16533 16534 16957 16956 16955 16954 16951 16950 16965 16966 16967 16968 16943 16942 17313 17314 17341 17340 17339 17338 17335 17414 17423 17436 17461 17466 17597 17594 17593 17670 17671 17676 17677 17684 17685 17690 17691 17698 17699 17722 17723 17750 17749 0 0 0 0 0 0 0 0 0 0 0 0 0 0
0 0 0 0 0 0 0 0 0 0 0 14046 14047 14048 14053 0 0 0 14071 14072 14209 14210 14211 14214 14215 14216 14233 14234 14235 14236 14325 14326 14379 14382 14383 14386 14401 14560 14561 14594 14593 14592 14601 14604 0 14978 15095 15096 15101 15102 15111 15122 15121 15162 15165 15170 15173 15422 15425 15426 15697 15700 15701 15706 15725 15726 15729 16198 16197 16196 16233 16234 16239 16238 16249 16300 16303 16304 16401 16400 16399 0 16507 16536 16535 16776 16777 16778 16953 16952 16949 16948 16947 16946 16945 16944 16941 17344 17343 17342 17349 17350 17337 17336 17413 17424 17435 17462 17465 17598 17599 17600 17669 17666 17665 17706 17705 17704 17703 17702 17701 17700 17721 17752 17751 0 0 0 0 0 0 0 0 0 0 0 0 0 0 0
0 0 0 0 0 0 0 0 0 0 0 14045 14044 14043 14054 14059 14060 0 14070 14073 14208 14207 14206 14205 14218 14217 14232 14231 14230 14229 14228 14327 14378 14377 14376 14387 14400 14399 14398 14595 14598 14599 14600 14605 14606 14977 14976 14975 14974 14973 15112 15113 15120 15163 15164 15171 15172 15423 15424 15427 15696 15695 15702 15705 15732 15731 15730 16189 16190 16195 16194 16235 16236 16237 16250 16299 16298 16297 16402 16403 16502 16503 16506 16537 16538 16775 16780 16779 0 16865 16866 0 16870 16871 16876 16877 16940 17345 17346 17347 17348 17351 17352 17411 17412 17425 17434 17463 17464 17603 17602 17601 17668 17667 17664 17707 17710 17711 17714 17715 0 17719 17720 17753 17754 17755 0 0 0 0 0 0 0 0 0 0 0 0 0 0
0 0 0 0 0 0 0 0 0 0 14037 14038 0 14042 14055 14058 14061 14068 14069 14074 14075 14100 14101 14204 14219 14220 14223 14224 14225 14226 14227 14328 14373 14374 14375 14388 14389 14396 14397 14596 14597 14610 14609 14608 14607 14706 14707 14710 14711 14972 14971 15114 15119 15118 15439 15438 15431 15430 15429 15428 15693 15694 15703 15704 15733 15734 16187 16188 16191 16192 16193 16254 16253 16252 16251 16272 16273 16296 16405 16404 16501 16504 16505 16540 16539 16774 16781 16782 16863 16864 16867 16868 16869 16872 16875 16878 16939 16938 17357 17356 17355 17354 17353 17410 17409 17426 17433 17606 17605 17604 17651 17652 0 17662 17663 17708 17709 17712 17713 17716 17717 17718 17759 17758 17757 17756 17765 17766 0 0 0 0 0 0 0 0 0 0 0 0
0 0 0 0 0 0 0 0 0 14035 14036 14039 14040 14041 14056 14057 14062 14067 14078 14077 14076 14099 14102 14203 14202 14221 14222 14195 14194 14193 14192 14329 14372 14371 14370 14369 14390 14395 14622 14621 14620 14611 14612 14613 14614 14705 14708 14709 14712 14969 14970 15115 15116 15117 15440 15437 15432 15433 15506 15507 15692 15691 15738 15737 15736 15735 16186 16185 16184 16183 16182 16255 16258 16259 16270 16271 16274 16295 16406 16407 16500 16497 16496 16541 16542 16773 16772 16783 16862 16859 16858 16855 16854 16873 16874 16879 16936 16937 17358 17359 17360 17367 17368 17407 17408 17427 17432 17607 17608 17609 17650 17653 17660 17661 17804 17803 17802 17791 17790 17789 17788 17787 17760 17761 17762 17763 17764 17767 0 0 0 0 0 0 0 0 0 0 0 0
0 0 0 0 0 0 0 0 0 14034 14029 14028 14025 14024 14021 14020 14063 14066 14079 14094 14095 14098 14103 0 14201 14200 14197 14196 14189 14190 14191 14330 14331 14336 14337 14368 14391 14394 14623 0 14619 14618 14617 14616 14615 14704 14703 14714 14713 14968 14967 15444 15443 15442 15441 15436 15435 15434 15505 15508 0 15690 15739 15740 15799 15800 15803 15804 15805 15806 16181 16256 16257 16260 16269 16268 16275 16294 16409 16408 16499 16498 16495 16494 16543 16770 16771 16784 16861 16860 16857 16856 16853 16852 16851 16880 16935 16932 16931 17362 17361 17366 17369 17406 17405 17428 17431 17612 17611 17610 17649 17654 17659 17658 17805 17806 17801 17792 17793 17794 17795 17786 17773 17772 17771 17770 17769 17768 0 0 0 0 0 0 0 0 0 0 0 0
0 0 0 0 0 0 0 0 0 14033 14030 14027 14026 14023 14022 14019 14064 14065 14080 14093 14096 14097 14104 14117 14118 14199 14198 0 14188 14187 14186 14185 14332 14335 14338 14367 14392 14393 14624 14625 14626 14627 14690 14691 0 14701 14702 14715 14716 14965 14966 15445 15452 15453 0 0 15476 15477 15504 15509 15688 15689 15742 15741 15798 15801 15802 15809 15808 15807 16180 16179 16178 16261 16266 16267 16276 16293 16410 16411 16476 16477 0 16493 16544 16769 16768 16785 0 16835 16836 16839 16840 16849 16850 16881 16934 16933 16930 17363 17364 17365 17370 17371 17404 17429 17430 17613 17614 17615 17648 17655 17656 17657 17808 17807 17800 17799 17798 17797 17796 17785 17774 17775 17776 17777 17778 0 0 0 0 0 0 0 0 0 0 0 0 0
0 0 0 0 0 0 0 0 0 14032 14031 13978 13979 0 0 14018 14017 14016 14081 14092 14091 14106 14105 14116 14119 14142 14143 0 14147 14148 14183 14184 14333 14334 14339 14366 14365 14364 14631 14630 14629 14628 14689 14692 14699 14700 14719 14718 14717 14964 14963 15446 15451 15454 15455 15474 15475 15478 15503 15510 15687 15744 15743 0 15797 15796 15795 15810 0 16174 16175 16176 16177 16262 16265 16278 16277 16292 16413 16412 16475 16478 16479 16492 16545 16546 16767 16786 16787 16834 16837 16838 16841 16848 16847 16882 16883 16928 16929 17376 17375 17374 17373 17372 17403 17620 17619 17618 17617 17616 17647 17646 17829 17828 17809 17810 17811 17812 17813 17814 0 17784 17783 17782 17781 17780 17779 0 0 0 0 0 0 0 0 0 0 0 0 0
0 0 0 0 0 0 0 0 0 0 0 13977 13980 0 14012 14013 14014 14015 14082 14083 14090 14107 14108 14115 14120 14141 14144 14145 14146 14149 14182 14181 14180 14179 14340 14341 14362 14363 14632 14633 14634 14687 14688 14693 14698 14697 14720 14731 14732 14961 14962 15447 15450 15457 15456 15473 15480 15479 15502 15511 15686 15745 15746 15747 0 15793 15794 15811 15812 16173 16172 16171 16170 16263 16264 16279 16280 16291 16414 0 16474 16473 16480 16491 16548 16547 16766 16789 16788 16833 16832 16831 16842 16845 16846 16885 16884 16927 16926 17377 0 17389 17390 0 17402 17621 17626 17627 17640 17641 17644 17645 17830 17827 17824 17823 17820 17819 17816 17815 17990 17991 17994 17995 17998 17999 0 0 18006 18007 0 0 0 0 0 0 0 0 0 0
0 0 0 0 0 0 0 0 0 0 13975 13976 13981 13982 14011 14010 14009 14008 14007 14084 14089 14088 14109 14114 14121 14140 14139 14138 14137 14150 14175 14176 14177 14178 14343 14342 14361 14360 14359 14636 14635 14686 14685 14694 14695 14696 14721 14730 14733 14960 14959 15448 15449 15458 15459 15472 15481 15500 15501 15512 15685 15750 15749 15748 15791 15792 15815 15814 15813 15860 15861 15862 16169 16168 16167 16166 16281 16290 16415 16416 16471 16472 16481 16490 16549 16550 16765 16790 16791 16828 16829 16830 16843 16844 16887 16886 0 16924 16925 17378 17387 17388 17391 17392 17401 17622 17625 17628 17639 17642 17643 17832 17831 17826 17825 17822 17821 17818 17817 17988 17989 17992 17993 17996 17997 18000 18001 18002 18005 18008 0 0 0 0 0 0 0 0 0 0
0 0 0 0 0 0 0 0 0 0 13974 13973 13972 13983 14002 14003 14004 14005 14006 14085 14086 14087 14110 14113 14122 14127 14128 14135 14136 14151 14174 14173 14172 14171 14344 14347 14348 0 14358 14637 14668 14669 14684 14683 14682 14723 14722 14729 14734 0 14958 14957 14956 15461 15460 15471 15482 15499 15498 15513 15684 15751 15754 15755 15790 15817 15816 15823 15824 15859 15858 15863 0 15873 15874 16165 16282 16289 16418 16417 16470 16469 16482 16489 16552 16551 16764 16763 16792 16827 16826 16891 16890 16889 16888 16915 16916 16923 16922 17379 17386 17385 17394 17393 17400 17623 17624 17629 17638 17835 17834 17833 0 17843 17844 0 17848 17849 0 17987 17986 18021 18020 18019 18018 18017 18016 18003 18004 18009 18010 0 0 0 0 0 0 0 0 0
0 0 0 0 0 0 0 0 0 0 13969 13970 13971 13984 14001 14000 13999 13998 13997 13996 13995 13994 14111 14112 14123 14126 14129 14134 14133 14152 14153 14154 0 14170 14345 14346 14349 14356 14357 14638 14667 14670 14675 14676 14681 14724 14727 14728 14735 14790 14791 14954 14955 15462 15463 15470 15483 15484 15497 15514 15683 15752 15753 15756 15789 15818 15819 15822 15825 15856 15857 15864 15865 15872 15875 16164 16283 16288 16419 16462 16463 16468 16483 16488 16553 16554 16761 16762 16793 16794 16825 16892 16893 16908 16909 16914 16917 16920 16921 17380 17381 17384 17395 17398 17399 17632 17631 17630 17637 17836 0 17840 17841 17842 17845 17846 17847 17850 17851 17984 17985 18022 18023 18024 18025 18026 18015 18014 18013 18012 18011 0 0 0 0 0 0 0 0 0
0 0 0 0 0 0 0 0 0 0 13968 13967 13966 13985 13986 13987 13988 13989 13990 13991 13992 13993 13948 13947 14124 14125 14130 14131 14132 13929 13928 14155 14168 14169 14164 14163 14350 14355 14640 14639 14666 14671 14674 14677 14680 14725 14726 14737 14736 14789 14792 14953 14950 14949 15464 15469 15486 15485 15496 15515 15682 15679 15678 15757 15788 15787 15820 15821 15826 15855 15854 15867 15866 15871 15876 16163 16284 16287 16420 16461 16464 16467 16484 16487 16556 16555 16760 16759 0 16795 16824 16895 16894 16907 16910 16913 16918 16919 17884 17883 17382 17383 17396 17397 0 17633 17634 17635 17636 17837 17838 17839 17860 17859 17858 17857 17854 17853 17852 17983 18032 18031 18030 18029 18028 18027 0 18069 18070 18071 0 0 0 0 0 0 0 0 0 0
0 0 0 0 0 0 0 0 13693 13694 13695 0 13965 13964 13961 13960 13959 13956 13955 13952 13951 13950 13949 13946 13945 13944 13943 13934 13933 13930 13927 14156 14167 14166 14165 14162 14351 14354 14641 14664 14665 14672 14673 14678 14679 14740 14739 14738 14787 14788 14793 14952 14951 14948 15465 15468 15487 15488 15495 15516 15681 15680 15677 15758 15785 15786 15829 15828 15827 15852 15853 15868 15869 15870 15877 16162 16285 16286 16421 16460 16465 16466 16485 16486 16557 16756 16757 16758 16797 16796 16823 16896 16897 16906 16911 16912 0 17886 17885 17882 17881 17880 17879 17878 17877 17876 17875 17874 17869 17868 17863 17862 17861 17958 17959 17856 17855 17980 17981 17982 18033 18046 18047 18054 18055 18062 18063 18068 18073 18072 0 0 0 0 0 0 0 0 0 0
0 0 0 0 0 0 0 0 13692 13691 13696 0 0 13963 13962 0 13958 13957 13954 13953 0 13865 13866 13867 13940 13941 13942 13935 13932 13931 13926 14157 14158 14159 14160 14161 14352 14353 14642 14663 14662 14661 14744 14743 14742 14741 14776 14777 14786 14795 14794 14945 14946 14947 15466 15467 0 15489 15494 15517 15518 15675 15676 15759 15784 15783 15830 15831 15832 15851 15882 15881 15880 15879 15878 16161 16424 16423 16422 16459 16458 16457 16456 16455 16558 16755 16754 0 16798 16799 16822 16821 16898 16905 16904 17895 17894 17887 17888 17889 17918 17919 17920 17923 17924 17925 17926 17873 17870 17867 17864 17955 17956 17957 17960 17961 17962 17979 18036 18035 18034 18045 18048 18053 18056 18061 18064 18067 18074 0 0 0 0 0 0 0 0 0 0 0
0 0 0 0 0 0 0 0 0 13690 13697 13698 13845 13846 13847 13850 13851 13854 13855 0 13863 13864 13869 13868 13939 13938 13937 13936 0 13924 13925 13920 13919 13916 13915 13914 13913 13912 14643 14644 14645 14660 14745 14748 14749 14774 14775 14778 14785 14796 14797 14944 14943 14942 14941 14940 14939 15490 15493 0 15519 15674 15673 15760 15761 15782 15835 15834 15833 15850 15883 15884 15947 15948 15949 16160 16425 16426 16429 16430 16443 16444 16453 16454 16559 16752 16753 16748 16747 16800 16819 16820 16899 16902 16903 17896 17893 17892 17891 17890 17917 17916 17921 17922 0 17928 17927 17872 17871 17866 17865 17954 17953 17966 17965 17964 17963 17978 18037 18040 18041 18044 18049 18052 18057 18060 18065 18066 18075 18076 18077 0 0 0 0 0 0 0 0 0
0 0 0 0 0 0 0 0 0 13689 13700 13699 13844 13843 13848 13849 13852 13853 13856 13857 13862 13861 13870 13871 13872 13873 13874 13875 13876 13923 13922 13921 13918 13917 0 13905 13906 13911 13910 0 14646 14659 14746 14747 14750 14773 14772 14779 14784 14783 14798 14799 14910 14911 14912 14913 14938 15491 15492 15521 15520 15671 15672 15763 15762 15781 15836 15837 15848 15849 15886 15885 15946 0 15950 16159 0 16427 16428 16431 16442 16445 16452 16451 16560 16751 16750 16749 16746 16801 16818 16817 16900 16901 0 17897 17898 17899 17900 17913 17914 17915 17932 17931 17930 17929 0 17939 17940 0 17946 17947 17952 17967 17972 17973 0 17977 18038 18039 18042 18043 18050 18051 18058 18059 18082 18081 18080 18079 18078 0 0 0 0 0 0 0 0 0
0 0 0 0 0 13682 13683 13686 13687 13688 13701 13706 13707 13842 13839 13838 13837 13836 13835 13858 13859 13860 13829 13828 13827 13826 13825 13824 13877 13878 0 13884 13885 13886 13903 13904 13907 13908 13909 14648 14647 14658 14657 14656 14751 14752 14771 14780 14781 14782 14801 14800 14909 14908 14907 14914 14937 14934 14933 15522 15523 15670 0 15764 15765 15780 15839 15838 15847 15888 15887 15944 15945 15952 15951 16158 16157 16156 16155 16432 16441 16446 16447 16450 16561 16562 16741 16742 16745 16802 16803 16816 16815 16814 0 18268 18267 17902 17901 17912 18201 18200 17933 17934 17935 17936 17937 17938 17941 17942 17945 17948 17951 17968 17971 17974 17975 17976 18157 18156 18141 18140 18139 18138 18137 18084 18083 18088 18089 18090 0 0 0 0 0 0 0 0 0 0
0 0 0 0 0 13681 13684 13685 27352 27351 13702 13705 13708 13841 13840 13717 13718 0 13834 13833 13832 13831 13830 13753 13754 13757 13758 13823 13822 13879 13880 13883 13888 13887 13902 13901 13900 13899 0 14649 14650 14653 14654 14655 14754 14753 14770 14769 14804 14803 14802 14865 14866 14905 14906 14915 14936 14935 14932 15525 15524 15669 15668 15767 15766 15779 15840 15841 15846 15889 15890 15943 15954 15953 16136 16137 16138 16153 16154 16433 16440 16439 16448 16449 0 16563 16740 16743 16744 0 16804 16807 16808 16813 16812 18269 18266 17903 17904 17911 18202 18199 18198 18197 18196 18195 18194 18193 18192 17943 17944 17949 17950 17969 17970 18163 18162 18159 18158 18155 18142 18143 18144 0 18136 18085 18086 18087 18092 18091 0 0 0 0 0 0 0 0 0 0
0 0 0 0 0 13680 13679 13678 13677 27350 13703 13704 13709 13712 13713 13716 13719 13732 13733 13734 13735 13736 13751 13752 13755 13756 13759 0 13821 13820 13881 13882 13889 13892 13893 13896 13897 13898 13807 13806 14651 14652 14757 14756 14755 14764 14765 14768 14805 14852 14853 14864 14867 14904 14903 14916 14929 14930 14931 15526 15529 15530 15667 15768 15769 15778 0 15842 15845 15892 15891 15942 15955 15956 16135 16134 16139 16152 16151 16434 16435 16438 16567 16566 16565 16564 16739 0 16735 16734 16805 16806 16809 16810 16811 18270 18265 17906 17905 17910 18203 18206 18207 18208 18211 18212 18215 18216 18191 18190 18189 18180 18179 18178 18165 18164 18161 18160 18153 18154 18149 18148 18145 18134 18135 18102 18101 18094 18093 0 0 0 0 0 0 0 0 0 0 0
0 0 0 0 0 27323 27324 27325 27348 27349 27344 27343 13710 13711 13714 13715 13720 13731 13730 13729 13738 13737 13750 13749 13748 13747 13760 13761 13762 13819 13818 13817 13890 13891 13894 13895 13810 13809 13808 13805 13804 0 14758 14759 14760 14763 14766 14767 14806 14851 14854 14863 14868 14869 14902 14917 14928 14927 14926 15527 15528 15531 15666 15665 15770 15777 15776 15843 15844 15893 15894 15941 15958 15957 16132 16133 16140 16141 16150 16149 16436 16437 16568 16569 16662 16663 16738 16737 16736 16733 16732 16731 16730 16729 16728 18271 18264 17907 17908 17909 18204 18205 0 18209 18210 18213 18214 18217 18218 18219 18188 18181 18182 18177 18166 18167 18168 18169 18152 18151 18150 18147 18146 18133 18104 18103 18100 18095 18096 0 0 0 0 0 0 0 0 0 0 0
0 0 0 27310 27311 27322 27321 27326 27347 27346 27345 27342 27341 27340 27339 27338 13721 13724 13725 13728 13739 0 13743 13744 13745 13746 27249 27248 13763 13764 13765 13816 13815 13814 13813 13812 13811 13774 13775 13776 13803 13802 13799 13798 14761 14762 0 14808 14807 14850 14855 14862 14861 14870 14901 14918 14919 14924 14925 15534 15533 15532 15663 15664 15771 15772 15775 15898 15897 15896 15895 15940 15959 16130 16131 16126 16125 16142 16147 16148 0 16574 16573 16570 16661 16664 16665 16670 16671 16672 16673 16674 16723 16724 16727 18272 18263 18262 18261 18260 18255 18254 18227 18226 18225 18224 18223 18222 18221 18220 18187 18186 18183 18176 18173 18172 18171 18170 18367 18368 18371 18372 0 18132 18105 0 18099 18098 18097 0 0 0 0 0 0 0 0 0 0 0
27306 27307 27308 27309 27312 27319 27320 27327 27330 27331 27332 27333 27334 27335 27336 27337 13722 13723 13726 13727 13740 13741 13742 27257 27256 27251 27250 27247 27244 27243 13766 13767 13768 13769 13770 13771 13772 13773 0 13777 13778 13801 13800 13797 13796 13795 13794 14809 14810 14849 14856 14859 14860 14871 14900 14899 14920 14923 0 15535 15536 15537 15662 15661 15660 15773 15774 15899 15900 15901 15902 15939 15960 16129 16128 16127 16124 16143 16146 16577 16576 16575 16572 16571 16660 16659 16666 16669 16678 16677 16676 16675 16722 16725 16726 18273 18274 18275 18276 18259 18256 18253 18228 18229 18230 18231 18232 18233 18234 18235 0 18185 18184 18175 18174 18363 18364 18365 18366 18369 18370 18373 18374 18131 18106 18107 18108 18111 18112 0 0 0 0 0 0 0 0 0 0 0
27305 27304 27303 27302 27313 27318 27317 27328 27329 27278 27277 27276 27275 27274 27273 27272 27271 27268 27267 27264 27263 27262 27259 27258 27255 27252 0 27246 27245 27242 27241 27240 27239 27238 27237 27236 27235 27234 27233 27232 13779 13782 13783 13784 13785 13786 13793 14812 14811 14848 14857 14858 0 14872 14897 14898 14921 14922 15541 15540 15539 15538 15639 15640 15659 15658 15657 15906 15905 15904 15903 15938 15961 15962 16121 16122 16123 16144 16145 16578 16585 16586 16591 16592 16657 16658 16667 16668 16679 16680 16683 16684 16721 16720 16719 18280 18279 18278 18277 18258 18257 18252 18251 18250 18249 18248 18247 18246 18245 18236 18237 18238 18239 18360 18361 18362 18383 18382 18379 18378 18377 18376 18375 18130 18129 18128 18109 18110 18113 18114 18115 0 0 0 0 0 0 0 0 0
27298 27299 27300 27301 27314 27315 27316 27281 27280 27279 27176 27177 27182 27183 27184 27185 27270 27269 27266 27265 0 27261 27260 0 27254 27253 27216 27217 27218 27219 27220 27221 27224 27225 27226 27227 27228 27229 27230 27231 13780 13781 27048 27047 13788 13787 13792 14813 14814 14847 14846 14845 14874 14873 14896 14895 14894 14893 15542 15543 15630 15631 15638 15641 15652 15653 15656 15907 15908 15909 15936 15937 15964 15963 16120 16119 16118 16115 16114 16579 16584 16587 16590 16593 16656 16655 16654 16653 16652 16681 16682 16685 16716 16717 16718 18281 18282 18283 18284 18285 18286 18287 18324 18325 18326 18327 18328 18329 18244 18243 18242 18241 18240 18359 18386 18385 18384 18381 18380 18399 18400 18401 18402 18403 18404 18127 18122 18121 18118 18117 18116 0 0 0 0 0 0 0 0 0
27297 27296 27293 27292 27285 27284 27283 27282 27173 27174 27175 27178 27181 27140 27139 27186 27187 0 27191 27192 0 27196 27197 0 27201 27202 27215 27214 27213 27212 27211 27222 27223 27062 27061 27060 27059 27058 27057 0 27053 27052 27049 27046 13789 13790 13791 0 14815 14816 14843 14844 14875 14876 14887 14888 14891 14892 0 15544 15629 15632 15637 15642 15651 15654 15655 15912 15911 15910 15935 15934 15965 15966 16091 16092 16117 16116 16113 16580 16583 16588 16589 16594 16629 16630 16647 16648 16651 16688 16687 16686 16715 18296 18295 18294 18293 18292 18291 18290 18289 18288 18323 18334 18333 18332 18331 18330 18347 18348 18349 18350 0 18358 18387 0 18391 18392 0 18398 18397 18410 18409 18406 18405 18126 18123 18120 18119 0 0 0 0 0 0 0 0 0 0 0
0 27295 27294 27291 27286 27287 27170 27171 27172 27159 27158 27179 27180 27141 27138 27137 27188 27189 27190 27193 27194 27195 27198 27199 27200 27203 27204 27205 0 27209 27210 27065 27064 27063 27016 27017 27018 27019 27056 27055 27054 27051 27050 27045 0 27041 27040 0 0 14817 14842 14841 14840 14877 14886 14889 14890 15549 15548 15545 15628 15633 15636 15643 15650 15649 15648 15913 15914 15915 15932 15933 0 15967 16090 16093 16110 16111 16112 16581 16582 0 16596 16595 16628 16631 16646 16649 16650 16689 16690 16713 16714 18297 18298 18305 18306 18311 18312 18317 18318 18319 18322 18335 18336 18337 18340 18341 18346 18345 18352 18351 18356 18357 18388 18389 18390 18393 18394 18395 18396 18411 18408 18407 0 18125 18124 0 0 0 0 0 0 0 0 0 0 0 0 0
0 0 0 27290 27289 27288 27169 27168 27161 27160 27157 27156 27155 27142 27135 27136 27131 27130 27121 27120 27119 27114 27113 27112 27093 27092 27091 27206 27207 27208 27067 27066 27009 27010 27015 27014 0 27020 27021 27024 27025 27028 27029 27044 27043 27042 27039 27038 14819 14818 14823 14824 14839 14878 14885 14884 15551 15550 15547 15546 15627 15634 15635 15644 15645 15646 15647 0 15917 15916 15931 15970 15969 15968 16089 16094 16109 16108 16107 0 16603 16602 16597 16598 16627 16632 16645 16644 16643 16692 16691 16712 16711 18300 18299 18304 18307 18310 18313 18316 0 18320 18321 18492 18491 18338 18339 18342 18343 18344 18353 18354 18355 18478 18477 18474 18473 18458 18457 18456 18455 18412 18413 18416 18417 18422 18423 18424 18425 18426 18427 0 0 0 0 0 0 0 0 0
0 0 0 0 0 0 0 27167 27162 27151 27152 27153 27154 27143 27134 27133 27132 27129 27122 27123 27118 27115 27110 27111 27094 0 27090 27089 27088 27069 27068 27007 27008 27011 27012 27013 27000 26999 27022 27023 27026 27027 27030 27031 27032 27035 27036 27037 14820 14821 14822 14825 14838 14879 14882 14883 15552 15553 15578 15579 15626 15625 15624 15623 15622 15921 15920 15919 15918 15929 15930 15971 15972 15973 16088 16095 16098 16099 16106 16605 16604 16601 16600 16599 16626 16633 16634 16641 16642 16693 16694 16709 16710 18301 18302 18303 18308 18309 18314 18315 18496 18495 18494 18493 18490 18489 18488 18487 18486 18485 18484 18483 18480 18479 18476 18475 18472 18459 18460 0 18454 18453 18414 18415 18418 18421 18432 18431 18430 18429 18428 0 0 0 0 0 0 0 0 0
0 0 0 0 0 0 0 27166 27163 27150 27149 27148 27147 27144 0 26776 26777 27128 27127 27124 27117 27116 27109 27108 27095 27084 27085 27086 27087 27070 0 27006 27005 27004 27003 27002 27001 26998 26997 26996 26993 26992 26989 26988 27033 27034 26979 26978 26977 26974 26973 14826 14837 14880 14881 15556 15555 15554 15577 15580 15613 15614 15617 15618 15621 15922 15923 15926 15927 15928 15977 15976 15975 15974 16087 16096 16097 16100 16105 16606 16607 16614 16615 16616 16625 0 16635 16640 16697 16696 16695 16708 16707 0 18627 18626 18615 18614 18611 18610 18497 18498 18499 18500 18501 18502 18503 18504 18505 18506 18507 18482 18481 0 18521 18522 18471 18470 18461 18462 18463 18452 18447 18446 18419 18420 18433 18434 18435 0 0 0 0 0 0 0 0 0 0 0
0 0 0 0 0 0 0 27165 27164 0 0 0 27146 27145 26774 26775 26778 0 27126 27125 27104 27105 27106 27107 27096 27083 27082 27081 27072 27071 26914 26915 26916 26917 26918 26921 26922 26925 26926 26995 26994 26991 26990 26987 26986 26985 26980 26981 26976 26975 26972 14827 14836 14835 14834 15557 15558 15575 15576 15581 15612 15615 15616 15619 15620 0 15924 15925 15984 15983 15978 15979 16032 16033 16086 16085 16084 16101 16104 16609 16608 16613 16618 16617 16624 16623 16636 16639 16698 16701 16702 16705 16706 18629 18628 18625 18616 18613 18612 18609 18604 18603 18592 18591 18590 18589 18588 18511 18510 18509 18508 0 18518 18519 18520 18523 0 18469 18468 18465 18464 18451 18448 18445 18442 18441 18438 18437 18436 0 0 0 0 0 0 0 0 0 0 0
0 0 0 0 0 0 0 0 0 0 0 0 26767 26768 26773 26772 26779 26782 26783 0 27103 27102 27101 27100 27097 27078 27079 27080 27073 0 26913 26912 26909 26908 26919 26920 26923 26924 26927 26928 26933 26934 26935 26936 26937 26984 26983 26982 26969 26970 26971 14828 14829 14830 14833 15560 15559 15574 15573 15582 15611 15610 0 0 0 15988 15987 15986 15985 15982 15981 15980 16031 16034 16081 16082 16083 16102 16103 16610 16611 16612 16619 16620 16621 16622 16637 16638 16699 16700 16703 16704 0 18630 18631 18624 18617 18618 18619 18608 18605 18602 18593 18594 18595 18596 18587 18512 18513 18514 18515 18516 18517 18576 18575 18524 18527 18528 18467 18466 0 18450 18449 18444 18443 18440 18439 0 0 0 0 0 0 0 0 0 0 0 0 0
0 0 0 0 0 0 0 0 0 0 0 26765 26766 26769 26770 26771 26780 26781 26784 26787 26788 26791 26792 27099 27098 27077 27076 27075 27074 26801 26802 26911 26910 26907 26904 26903 26902 26901 26900 26929 26932 26867 26866 0 26938 26939 26946 26947 26968 26967 26960 26959 0 14831 14832 15561 15570 15571 15572 15583 15584 15609 15608 15997 15996 15989 15990 15991 16014 16015 16028 16029 16030 16035 16080 16079 16078 16077 16076 18817 18816 18815 18814 18813 18812 18811 18810 18807 18806 18803 18802 18801 18634 18633 18632 18623 18622 18621 18620 18607 18606 18601 18600 18599 18598 18597 18586 18583 18582 18581 18580 18579 18578 18577 18574 18525 18526 18529 18532 18533 18534 18535 18538 18539 18542 18543 18544 0 0 0 0 0 0 0 0 0 0 0 0 0
0 0 0 0 0 0 0 0 0 26762 26763 26764 26757 26756 26753 26752 26751 26750 26785 26786 26789 26790 26793 26794 26795 26796 26797 26798 26799 26800 26803 26804 26805 26906 26905 26894 26895 26896 26899 26930 26931 26868 26865 26864 26863 26940 26945 26948 26965 26966 26961 26958 26371 26370 0 15562 15569 15568 0 15586 15585 15606 15607 15998 15995 15994 15993 15992 16013 16016 16027 16026 0 16036 16037 16068 16069 16070 16075 18818 18823 18824 18827 18828 18831 18832 18809 18808 18805 18804 18799 18800 18635 18636 18639 18640 18643 18644 18645 18648 18649 18650 18651 18652 18655 18656 18585 18584 18663 18664 0 18670 18671 18672 18573 18570 18569 18530 18531 18562 18561 18536 18537 18540 18541 18546 18545 0 0 0 0 0 0 0 0 0 0 0 0 0
0 0 0 0 0 0 0 0 0 26761 26760 26759 26758 26755 26754 26693 26694 26749 26748 26747 26746 26745 26744 26743 26742 26741 26740 26739 26738 26737 26736 26807 26806 0 26892 26893 0 26897 26898 0 26870 26869 26858 26859 26862 26941 26944 26949 26964 26963 26962 26957 26372 26369 26368 15563 15566 15567 15588 15587 15604 15605 0 15999 16000 16003 16004 16011 16012 16017 16024 16025 16040 16039 16038 16067 16066 16071 16074 18819 18822 18825 18826 18829 18830 18833 18834 18835 18836 18837 18798 18797 18796 18637 18638 18641 18642 0 18646 18647 18752 18751 0 18653 18654 18657 18660 18661 18662 18665 18666 18669 18674 18673 18572 18571 18568 18565 18564 18563 18560 18559 18558 18555 18554 18547 18548 0 0 0 0 0 0 0 0 0 0 0 0 0
0 0 0 0 0 0 0 0 0 26686 26687 26688 26689 26690 26691 26692 26695 26696 26699 26700 0 26710 26711 26712 0 26718 26719 26722 26723 26734 26735 26808 26809 26810 26891 26890 26889 26888 26877 26876 26871 26872 26857 26860 26861 26942 26943 26950 26951 26954 26955 26956 26373 26366 26367 15564 15565 0 15589 15590 15603 15602 15601 15600 16001 16002 16005 16010 16009 16018 16023 16042 16041 16048 16049 16064 16065 16072 16073 18820 18821 0 18849 18848 18845 18844 0 18840 18839 18838 18875 18876 18795 18794 18787 18786 18785 18780 18779 18754 18753 18750 18749 18748 18747 18658 18659 18742 18741 18740 18667 18668 18675 18676 18677 0 18567 18566 18691 18692 18695 18696 18557 18556 18553 18552 18549 0 0 0 0 0 0 0 0 0 0 0 0 0
0 0 0 0 0 0 0 0 0 26685 26684 26681 26680 26679 26678 26677 26676 26697 26698 26701 26702 26709 26708 26713 26716 26717 26720 26721 26724 26733 26732 26815 26814 26811 26884 26885 26886 26887 26878 26875 26874 26873 26856 26855 26854 26853 26852 26851 26952 26953 0 26375 26374 26365 26358 26357 26354 26353 0 15591 15592 15595 15596 15599 0 0 16006 16007 16008 16019 16022 16043 16044 16047 16050 16063 16062 16061 18854 18853 18852 18851 18850 18847 18846 18843 18842 18841 18870 18871 18874 18877 18878 18793 18788 18789 18784 18781 18778 18755 18756 18757 18758 18759 18746 18745 18744 18743 18738 18739 18734 18733 18680 18679 18678 18685 18686 18689 18690 18693 18694 18697 18698 18701 18702 18551 18550 0 0 0 0 0 0 0 0 0 0 0 0 0
0 0 0 0 0 0 0 0 0 0 26683 26682 0 26664 26665 0 26675 26674 26673 26672 26703 26706 26707 26714 26715 26602 26601 26600 26725 0 26731 26816 26813 26812 26883 26882 26881 26880 26879 26842 26843 26844 26845 26846 26847 26848 26849 26850 0 26380 26379 26376 26363 26364 26359 26356 26355 26352 26351 0 15593 15594 15597 15598 0 0 0 0 0 16020 16021 0 16045 16046 16051 16052 16059 16060 18855 18860 18861 18862 18863 18864 18865 18866 18867 18868 18869 18872 18873 18880 18879 18792 18791 18790 18783 18782 18777 18776 18775 18774 0 18760 18761 18762 18763 18764 18737 18736 18735 18732 18681 18682 18683 18684 18687 18688 18719 18718 18717 18716 18699 18700 18703 18704 18705 18706 18707 0 0 0 0 0 0 0 0 0 0 0
0 0 0 0 0 0 0 0 0 0 26658 26659 26662 26663 26666 26667 26668 26669 26670 26671 26704 26705 26608 26607 26606 26603 26598 26599 26726 26729 26730 26817 26818 26819 26820 26821 26822 26823 26824 26841 26840 26839 26838 26395 26394 26387 26386 0 26382 26381 26378 26377 26362 26361 26360 26345 26346 26349 26350 0 0 0 0 0 0 0 0 0 0 0 0 0 0 0 0 16053 16058 16057 18856 18859 18912 18911 18910 18909 18908 18907 18906 18905 18904 18903 18902 18881 18882 18883 18884 18885 18886 18887 18888 18889 18890 18773 18770 18769 18768 18767 18766 18765 18984 18985 18986 18731 18728 18727 18724 18723 18722 18721 18720 19059 19060 18715 18714 18713 18712 18711 18710 18709 18708 0 0 0 0 0 0 0 0 0 0 0
0 0 0 0 0 0 0 0 0 26656 26657 26660 26661 26650 26649 26648 26647 26646 26645 26644 26643 26642 26609 26610 26605 26604 26597 26596 26727 26728 26589 26588 26585 26584 26583 26582 26581 26580 26825 26828 26829 26836 26837 26396 26393 26388 26385 26384 26383 26306 26307 26308 26341 26342 26343 26344 26347 26348 0 0 0 0 0 0 0 0 0 0 0 0 0 0 0 0 0 16054 16055 16056 18857 18858 18913 18914 18917 18918 18919 18928 18929 18930 18937 18938 18901 18900 18899 18898 18897 18896 18895 18894 18893 18892 18891 18772 18771 18966 18967 18968 18969 18970 18983 18988 18987 18730 18729 18726 18725 19054 19055 19056 19057 19058 19061 19062 0 19066 19067 19068 19069 0 0 0 0 0 0 0 0 0 0 0 0 0
0 0 0 0 0 0 0 0 0 26655 26654 26653 26652 26651 26634 26635 26636 26637 26638 26639 26640 26641 26612 26611 0 26561 26562 26595 26594 26591 26590 26587 26586 26573 26574 26577 26578 26579 26826 26827 26830 26835 26834 26397 26392 26389 26302 26303 26304 26305 26310 26309 26340 26339 26338 26337 26336 0 0 0 0 0 0 0 0 0 0 0 0 0 0 0 0 0 0 0 0 0 0 19325 19324 18915 18916 18921 18920 18927 18926 18931 18936 18939 18940 18943 18944 18945 18948 18949 18952 18953 18956 18957 18960 18961 18964 18965 18974 18973 18972 18971 18982 18989 18990 18991 0 19049 19050 19053 19092 19091 19090 19087 19086 19063 19064 19065 19080 19079 19070 19071 19072 0 0 0 0 0 0 0 0 0 0 0
0 0 0 0 0 0 0 0 0 0 26513 26514 26515 26516 26633 26632 26631 26630 26629 26620 26619 26614 26613 0 26559 26560 26563 26564 26593 26592 26569 26570 26571 26572 26575 26576 26429 26428 26425 26424 26831 26832 26833 26398 26391 26390 26301 26300 26299 26298 26311 26312 26315 26316 26319 26320 26335 26332 26331 26330 0 0 0 0 0 0 0 0 0 0 0 0 0 0 0 0 0 0 19327 19326 19323 19318 19317 18922 18923 18924 18925 18932 18935 0 18941 18942 0 18946 18947 18950 18951 18954 18955 18958 18959 18962 18963 0 18975 18976 18977 18978 18981 18998 18997 18992 18993 19048 19051 19052 19093 19094 19089 19088 19085 19084 19083 19082 19081 19078 19077 19076 19073 0 0 0 0 0 0 0 0 0 0 0
0 0 0 0 0 0 0 0 0 0 26512 26511 26510 26517 26518 26519 26626 26627 26628 26621 26618 26615 26556 26557 26558 26551 26550 26565 26566 26567 26568 26443 26442 26433 26432 26431 26430 26427 26426 26423 26422 26405 26404 26399 26262 26263 26264 26269 26270 26297 26296 26313 26314 26317 26318 26321 26334 26333 26328 26329 0 0 0 0 0 0 0 0 0 0 0 0 0 0 0 0 0 0 19328 19329 19322 19319 19316 0 19312 19311 0 18933 18934 19299 19298 19297 19276 19275 19274 19271 19270 19261 19260 19259 19254 19253 19014 19013 19012 19009 19008 18979 18980 18999 18996 18995 18994 19047 19098 19097 19096 19095 19104 19105 19106 19107 19108 19109 0 19113 19114 19075 19074 0 0 0 0 0 0 0 0 0 0 0
0 0 0 0 0 0 0 0 0 0 26501 26502 26509 26508 26507 26520 26625 26624 26623 26622 26617 26616 26555 26554 26553 26552 26549 26548 26547 26546 26445 26444 26441 26434 26415 26416 26417 26418 26419 26420 26421 26406 26403 26400 26261 0 26265 26268 26271 26294 26295 0 26289 26288 0 26322 26325 26326 26327 0 0 0 0 0 0 0 0 0 0 0 0 0 0 0 0 0 0 0 19331 19330 19321 19320 19315 19314 19313 19310 19309 19306 19305 19300 19301 19296 19277 19278 19273 19272 19269 19262 19263 19258 19255 19252 19015 19016 19011 19010 19007 19006 19001 19000 19033 19034 0 19046 19099 19100 19101 19102 19103 19128 19127 19126 19125 19110 19111 19112 19115 19116 0 0 0 0 0 0 0 0 0 0 0 0
0 0 0 0 0 0 0 26495 26496 26499 26500 26503 26504 26505 26506 26521 26524 26525 26528 26529 26532 26533 26536 26537 26540 26541 26542 26543 26544 26545 26446 26439 26440 26435 26414 26413 26412 26411 26410 26409 26408 26407 26402 26401 26260 26259 26266 26267 26272 26293 26292 26291 26290 26287 26286 26323 26324 26117 26116 26107 26106 0 0 0 0 0 0 0 0 0 0 0 0 0 0 0 19334 19333 19332 19339 19340 19343 19344 19349 19350 19351 19308 19307 19304 19303 19302 19295 19294 19279 19280 19281 19268 19265 19264 19257 19256 19251 19250 19017 19018 19019 19020 19005 19002 19031 19032 19035 19036 19045 19134 19133 19132 19131 19130 19129 19144 19145 19124 19123 19122 19121 19120 19117 0 0 0 0 0 0 0 0 0 0 0 0
0 0 0 0 0 0 0 26494 26497 26498 26487 26486 26485 26484 26483 26522 26523 26526 26527 26530 26531 26534 26535 26538 26539 26452 26451 26450 26449 26448 26447 26438 26437 26436 0 26226 26227 26230 26231 26234 26235 26238 26239 26244 26245 26258 26257 26256 26273 26274 26277 26278 26281 26282 26285 0 0 26118 26115 26108 26105 0 26101 26100 0 0 0 0 0 0 0 0 0 0 0 0 19335 19336 19337 19338 19341 19342 19345 19348 19353 19352 19359 19360 19363 19364 19365 19292 19293 19286 19285 19282 19267 19266 19561 19562 19563 19564 19249 19248 19023 19022 19021 19004 19003 19030 19039 19038 19037 19044 19135 19138 19139 19140 19141 19142 19143 19146 19147 19184 19185 19186 19119 19118 0 0 0 0 0 0 0 0 0 0 0 0
0 0 0 0 0 0 0 26493 26492 26491 26488 26473 26474 0 26482 26481 26480 26461 26460 26459 26458 26457 26456 26455 26454 26453 26210 26211 26214 26215 0 26219 26220 26223 26224 26225 26228 26229 26232 26233 26236 26237 26240 26243 26246 26249 26250 26255 26254 26275 26276 26279 26280 26283 26284 0 26120 26119 26114 26109 26104 26103 26102 26099 26098 0 0 0 0 0 0 0 0 0 0 0 0 19415 19414 19413 0 0 19346 19347 19354 19355 19358 19361 19362 19367 19366 19291 19288 19287 19284 19283 19558 19559 19560 19567 19566 19565 19246 19247 19024 19025 19026 19027 19028 19029 19040 19041 19042 19043 19136 19137 19154 19153 19152 19151 19150 19149 19148 19183 19188 19187 0 0 0 0 0 0 0 0 0 0 0 0 0 0
0 0 0 0 0 0 0 0 0 26490 26489 26472 26475 26476 26477 26478 26479 26462 0 26008 26009 26010 26011 26012 26207 26208 26209 26212 26213 26216 26217 26218 26221 26222 26189 26188 26187 26186 26185 26184 26183 0 26241 26242 26247 26248 26251 26252 26253 26146 26145 26138 26137 26136 26129 26128 26121 26122 26113 26110 26091 26092 26093 26096 26097 0 0 0 0 0 0 0 0 0 19439 19438 19437 19416 19417 19412 0 19408 19407 19404 19403 19356 19357 19390 19389 19368 19369 19290 19289 19552 19553 19554 19557 19570 19569 19568 19577 19578 19245 19244 0 19240 19239 19236 19235 19234 19231 19230 19227 19226 19225 19156 19155 19160 19161 19170 19171 19172 19173 19182 19189 19190 0 0 0 0 0 0 0 0 0 0 0 0 0 0
0 0 0 0 0 0 0 0 0 0 0 26471 26470 26467 26466 26465 26464 26463 26006 26007 25974 25973 25972 26013 26206 26205 26204 26203 26200 26199 26198 26197 26192 26191 26190 26175 26176 26179 26180 26181 26182 26159 26158 26155 26154 26153 26152 26151 26150 26147 26144 26139 26134 26135 26130 26127 26124 26123 26112 26111 26090 0 26094 26095 0 0 0 0 0 0 0 0 0 0 19440 19441 19436 19419 19418 19411 19410 19409 19406 19405 19402 19397 19396 19391 19388 19371 19370 19377 19378 19551 19550 19555 19556 19571 19572 19575 19576 19579 19580 19243 19242 19241 19238 19237 0 19233 19232 19229 19228 0 19224 19157 19158 19159 19162 19169 19176 19175 19174 19181 19192 19191 0 0 0 0 0 0 0 0 0 0 0 0 0 0
0 0 0 0 0 0 0 0 0 0 0 0 26469 26468 0 26002 26003 26004 26005 25976 25975 25970 25971 26014 26015 26018 26019 26202 26201 26028 26029 26196 26193 26172 26173 26174 26177 26178 26165 26164 26161 26160 26157 26156 26057 26058 26061 26062 26149 26148 26143 26140 26133 26132 26131 26126 26125 26082 26083 26088 26089 25420 25419 0 0 0 0 0 0 0 0 0 0 0 0 19442 19435 19420 19421 19422 19423 19424 19425 19426 19401 19398 19395 19392 19387 19372 19373 19376 19379 19548 19549 0 19609 19608 19573 19574 19603 19602 19581 19582 19583 19584 19585 19586 19587 19588 19589 19590 19659 19660 19223 19220 19219 19164 19163 19168 19177 19178 19179 19180 19193 19194 19195 0 0 0 0 0 0 0 0 0 0 0 0 0
0 0 0 0 0 0 0 0 0 0 0 25997 25998 25999 26000 26001 25980 25979 25978 25977 0 25969 25956 25955 26016 26017 26020 26023 26024 26027 26030 26195 26194 26171 26170 26169 26168 26167 26166 26163 26162 26053 26054 26055 26056 26059 26060 26063 26066 26067 26142 26141 26072 26073 26074 26077 26078 26081 26084 26087 0 25421 25418 25417 25416 0 0 0 0 0 0 0 0 0 0 19443 19434 19433 19432 19431 19430 19429 19428 19427 19400 19399 19394 19393 19386 19385 19374 19375 19380 19547 19612 19611 19610 19607 19606 19605 19604 19601 19600 19599 19598 19597 19596 19595 19594 19593 19592 19591 19658 19661 19222 19221 19218 19165 19166 19167 19208 19207 19204 19203 19200 19199 19196 20041 20042 20047 20048 0 0 0 0 0 0 0 0 0
0 0 0 0 0 0 0 0 0 25994 25995 25996 25985 25984 25983 25982 25981 25964 25965 25966 25967 25968 25957 25954 25951 25950 26021 26022 26025 26026 26031 26032 26035 26036 26045 26046 26047 26048 26049 26050 26051 26052 25633 25632 25629 25628 25627 26064 26065 26068 26069 26070 26071 0 26075 26076 26079 26080 26085 26086 25423 25422 25413 25414 25415 0 0 0 0 0 0 0 0 0 19445 19444 19449 19450 19455 19456 19457 19458 19459 19460 19461 19462 19463 19464 19465 19384 19383 19382 19381 19546 19613 19614 19615 19616 19617 19618 19641 19642 19645 19646 19649 19650 19651 19652 19653 19654 19655 19656 19657 19662 19663 19664 19217 19216 19213 19212 19209 19206 19205 19202 19201 19198 19197 20040 20043 20046 20049 0 0 0 0 0 0 0 0 0
0 0 0 0 0 0 0 0 0 25993 25992 25987 25986 0 25918 25919 25920 25963 25962 25961 25960 25959 25958 25953 25952 25949 25868 25867 25864 25863 25862 26033 26034 26037 26044 26043 26042 25641 25640 25637 25636 25635 25634 25631 25630 25625 25626 0 25474 25473 25472 25471 25470 25469 25468 25431 25430 25427 25426 25425 25424 25411 25412 0 0 0 0 0 0 0 0 0 0 0 19446 19447 19448 19451 19454 19477 19476 19475 19474 19473 19472 19471 19470 19469 19466 19533 19534 19539 19540 19545 19624 19623 19622 19621 19620 19619 19640 19643 19644 19647 19648 19697 19696 19693 19692 19691 19690 19689 19688 19687 19686 19665 19666 19215 19214 19211 19210 19991 19992 19995 19996 19999 20000 20039 20044 20045 20050 20051 20052 20053 20054 0 0 0 0 0
0 0 0 0 0 0 0 0 0 0 25991 25988 25915 25916 25917 25922 25921 25940 25941 25942 25943 25944 25945 25946 25947 25948 25869 25866 25865 0 25861 25650 25649 26038 26039 26040 26041 25642 25639 25638 25619 25620 25621 25622 25623 25624 0 25476 25475 25462 25463 25464 25465 25466 25467 25432 25429 25428 25405 25406 25409 25410 0 0 0 0 0 0 0 0 0 0 0 0 0 0 0 19452 19453 19478 19479 19480 19481 19482 19483 19484 19485 19468 19467 19532 19535 19538 19541 19544 19625 19626 19627 19628 19631 19632 19639 19638 19701 19700 19699 19698 19695 19694 19719 19720 19723 19724 19725 19726 19685 19684 19667 19668 19669 19670 19989 19990 19993 19994 19997 19998 20001 20038 20037 20036 20059 20058 20057 20056 20055 0 0 0 0 0
0 0 0 0 0 0 0 0 0 0 25990 25989 25914 25913 25912 25923 25924 25939 25938 25937 25936 25935 25934 25875 25874 25873 25870 25857 25858 25859 25860 25651 25648 25647 25646 25645 25644 25643 25600 25601 25618 25617 25616 25615 25614 25613 25612 25477 25478 25461 25458 25457 25456 25439 25438 25433 25402 25403 25404 25407 25408 0 0 0 0 0 0 0 0 0 0 0 0 0 0 0 0 0 0 19493 19492 19491 19490 19489 19488 19487 19486 19523 19524 19531 19536 19537 19542 19543 19790 19789 19788 19629 19630 19633 19636 19637 19702 19703 19704 19705 19706 0 19718 19721 19722 19729 19728 19727 0 19683 19682 19673 19672 19671 19988 20011 20010 20007 20006 20003 20002 20033 20034 20035 20060 20061 20062 0 0 0 0 0 0 0
0 0 0 0 0 0 0 0 0 0 0 0 25899 25900 25911 25910 25925 25926 25927 25928 25929 25930 25933 25876 25877 25872 25871 25856 25855 25658 25657 25652 25653 25594 25595 25596 25597 25598 25599 25602 25603 25604 25605 25606 25607 25610 25611 0 25479 25460 25459 25454 25455 25440 25437 25434 25401 25400 25393 25392 25389 25388 0 0 0 0 0 0 0 0 0 0 0 0 0 0 0 0 0 19494 19495 19496 19497 19498 19517 19518 19521 19522 19525 19530 19529 19808 19807 0 19791 19792 19787 19782 19781 19634 19635 19772 19771 19710 19709 19708 19707 19716 19717 19734 19733 19730 19941 19942 19945 19946 19681 19674 19675 19986 19987 20012 20009 20008 20005 20004 20031 20032 20067 20066 20065 20064 20063 0 0 0 0 0 0 0
0 0 0 0 0 0 0 0 0 0 0 0 25898 25901 0 25909 25908 25907 25888 25887 25886 25931 25932 25879 25878 0 25850 25851 25854 25659 25656 25655 25654 25593 25592 25591 25590 25589 25588 25587 25586 25585 25584 0 25608 25609 0 25481 25480 25449 25450 25453 25442 25441 25436 25435 25398 25399 25394 25391 25390 25387 25386 0 0 0 0 0 0 0 0 0 0 0 0 0 0 0 0 0 19502 19501 19500 19499 19516 19519 19520 0 19526 19527 19528 19809 19806 19801 19800 19793 19786 19783 19780 19777 19776 19773 19770 19711 19712 19713 19714 19715 19736 19735 19732 19731 19940 19943 19944 19947 19680 19677 19676 19985 19984 20013 20014 20023 20024 20025 20030 20029 20068 20069 20070 20071 20072 20073 20074 0 0 0 0 0
0 0 0 0 0 0 0 0 0 0 0 0 25897 25902 25903 25904 25905 25906 25889 0 25885 25884 25883 25880 25845 25846 25849 25852 25853 25660 25661 25572 25573 25574 25575 25576 25577 25578 25579 25580 25581 25582 25583 25494 25493 25490 25489 25482 25483 25448 25451 25452 25443 25360 25361 25362 25397 25396 25395 25380 25381 25384 25385 23220 23219 0 0 0 0 0 0 0 0 0 0 0 0 0 0 19504 19503 19508 19509 19514 19515 19820 19819 19816 19815 19814 19813 19810 19805 19802 19799 19794 19785 19784 19779 19778 19775 19774 19769 19768 19741 19740 19739 19738 19737 19748 19749 0 19939 19950 19949 19948 19679 19678 19981 19982 19983 20016 20015 20022 20021 20026 20027 20028 20081 20080 20079 20078 20077 20076 20075 0 0 0 0 0
0 0 0 0 0 0 0 0 0 0 25826 25827 25896 25895 25894 25893 25892 25891 25890 25837 25838 0 25882 25881 25844 25847 25848 25669 25668 25663 25662 25571 25570 25569 25562 25561 25560 25559 25558 25557 25556 25555 25554 25495 25492 25491 25488 25485 25484 25447 25446 25445 25444 25359 25358 25363 25364 25373 25374 25379 25382 25383 23222 23221 23218 23217 0 0 0 0 0 0 0 0 22196 22195 22194 22193 22192 19505 19506 19507 19510 19513 19822 19821 19818 19817 19834 19835 19812 19811 19804 19803 19798 19795 19878 19879 19880 19883 19884 19885 19886 19767 19742 19743 19744 19745 19746 19747 19750 19751 19938 19951 19952 19953 19954 0 19980 19979 19978 20017 20018 20019 20020 20085 20084 20083 20082 20117 20118 0 0 0 0 0 0 0 0 0
0 0 0 0 0 0 0 0 0 0 25825 25828 25829 25830 25831 25832 25833 25834 25835 25836 25839 25840 25841 25842 25843 25684 25683 25670 25667 25664 25537 25538 25567 25568 25563 25546 25547 25548 25549 25550 25551 25552 25553 25496 25497 25498 25487 25486 25329 25330 25337 25338 25339 25356 25357 25366 25365 25372 25375 25378 23235 23234 23223 23224 23215 23216 22655 22654 22645 22644 22625 22624 22617 22616 22197 22198 22199 22200 22191 0 0 0 19511 19512 19823 19824 19825 19832 19833 19836 19837 19838 19839 19840 19797 19796 19877 19876 19881 19882 19891 19890 19887 19766 19765 19764 19763 19760 19759 19756 19755 19752 19937 19958 19957 19956 19955 19968 19969 19976 19977 20090 20089 20088 20087 20086 20109 20110 20111 20116 20119 20120 0 0 0 0 0 0 0 0
0 0 0 0 0 0 0 0 0 0 25824 25823 25822 25821 25820 25819 25818 25817 25816 25815 25814 25813 25810 25809 25808 25685 25682 25671 25666 25665 25536 25539 25566 25565 25564 25545 25522 25521 25520 25519 25518 25517 0 25503 25502 25499 25326 25327 25328 25331 25336 25335 25340 25355 25354 25367 25368 25371 25376 25377 23236 23233 23232 23225 23214 22657 22656 22653 22646 22643 22626 22623 22618 22615 0 22203 22202 22201 22190 22189 0 22025 22024 22023 22022 22021 19826 19831 19830 0 19846 19845 19842 19841 19872 19873 19874 19875 19894 19893 19892 19889 19888 19915 19916 19917 19762 19761 19758 19757 19754 19753 19936 19959 19962 19963 0 19967 19970 19975 19974 20091 0 20097 20098 0 20108 20107 20112 20115 20122 20121 0 0 0 0 0 0 0 0
0 0 0 0 0 0 0 0 0 25768 25769 25770 25771 25794 25795 25796 25797 25798 25799 25800 25801 25812 25811 0 25807 25686 25681 25672 25533 25534 25535 25540 25541 25542 25543 25544 25523 25512 25513 25514 25515 25516 25505 25504 25501 25500 25325 25324 25323 25332 25333 25334 25341 25342 25353 25352 25369 25370 23239 23238 23237 23230 23231 23226 23213 22658 22651 22652 22647 22642 22627 22622 22619 22614 0 22204 22205 22206 22207 22188 22187 22026 22027 22028 22029 22020 19827 19828 19829 19848 19847 19844 19843 19870 19871 0 19897 19896 19895 19904 19905 19910 19911 19914 19919 19918 19923 19924 0 19930 19931 19934 19935 19960 19961 19964 19965 19966 19971 19972 19973 20092 20093 20096 20099 20104 20105 20106 20113 20114 20123 20124 20125 20144 20145 20146 0 0 0 0
0 0 0 0 0 0 0 0 0 25767 25766 25765 25772 25793 25792 25791 25790 25789 25788 25787 25802 25803 25804 25805 25806 25687 25680 25673 25532 25531 25530 25529 25528 25527 25526 25525 25524 25511 25510 25509 25508 25507 25506 25305 25306 25307 25308 25309 25322 25321 25320 25319 0 25343 25350 25351 23690 23689 23240 23241 23242 23229 23228 23227 23212 22659 22650 22649 22648 22641 22628 22621 22620 22613 22212 22211 22210 22209 22208 22185 22186 22177 22176 22175 22030 22019 22018 0 19850 19849 19862 19863 19868 19869 20314 20313 19898 19899 19902 19903 19906 19909 19912 19913 19920 19921 19922 19925 19928 19929 19932 19933 20240 20239 20236 20235 20232 20231 20230 20229 20228 20227 20094 20095 20100 20103 20132 20131 20130 20129 20128 20127 20126 20143 20148 20147 0 0 0 0
0 0 0 0 0 0 0 0 0 25762 25763 25764 25773 25774 0 25780 25781 25784 25785 25786 25723 25722 25719 25718 25689 25688 25679 25674 25259 25260 25261 25262 25263 25274 25275 25276 25277 25278 25287 25288 25289 25294 25295 25304 25303 25302 25311 25310 25315 25316 25317 25318 25345 25344 25349 0 23691 23688 23251 23250 23243 23244 23245 23210 23211 22660 22661 22638 22639 22640 22629 22610 22611 22612 22213 22214 22215 22218 22219 22184 22179 22178 22173 22174 22031 22016 22017 19852 19851 19860 19861 19864 19867 20316 20315 20312 0 19900 19901 0 19907 19908 20293 20292 20291 20290 20289 19926 19927 20278 20277 20276 20241 20238 20237 20234 20233 20252 20253 20254 20225 20226 20217 20216 20101 20102 20133 20134 20135 20136 20137 20138 20141 20142 20149 20150 0 0 0 0
0 0 0 0 0 0 0 0 0 25761 25760 25753 25752 25775 25778 25779 25782 25783 25728 25727 25724 25721 25720 25717 25690 0 25678 25675 25258 25257 25256 25255 25264 25273 25272 25271 25270 25279 25286 25285 25290 25293 25296 25299 25300 25301 25312 25313 25314 25189 25188 0 25346 25347 25348 23693 23692 23687 23252 23249 23248 23247 23246 23209 23206 23205 22662 22637 22634 22633 22630 22609 22608 22549 22548 0 22216 22217 22220 22183 22180 22171 22172 22033 22032 22015 22014 19853 19854 19859 19858 19865 19866 20317 20318 20311 20310 20309 20308 0 20304 20303 20294 20295 20296 20297 20288 20287 20286 20279 20280 20275 20242 20243 20246 20247 0 20251 20256 20255 20224 20223 20218 20215 20210 20209 20208 20161 20160 20159 20158 20139 20140 20153 20152 20151 0 0 0 0
0 0 0 0 0 0 0 0 0 25758 25759 25754 25751 25776 25777 25732 25731 25730 25729 25726 25725 25714 25715 25716 25691 25692 25677 25676 25251 25252 25253 25254 25265 25266 25267 25268 25269 25280 25281 25284 25291 25292 25297 25298 0 25196 25195 0 25191 25190 25187 25186 25185 23710 23709 23694 23695 23686 23253 23254 23255 23258 23259 23208 23207 23204 22663 22636 22635 22632 22631 22606 22607 22550 22547 22546 0 22222 22221 22182 22181 22170 22169 22034 22035 22036 22013 22012 19855 19856 19857 21972 21971 21970 20319 20320 20327 20328 20307 20306 20305 20302 20301 20300 20299 20298 20347 20348 20285 20282 20281 20274 20273 20244 20245 20248 20249 20250 20257 20258 20259 20222 20219 20214 20211 20206 20207 20162 20163 20164 20157 20156 20155 20154 0 0 0 0 0 0
0 0 0 0 0 0 0 0 0 25757 25756 25755 25750 25749 25748 25733 25734 25709 25710 25711 25712 25713 25700 25699 25698 25693 25694 25249 25250 25245 25244 25231 25230 25229 25228 25227 25226 25225 25282 25283 25206 25205 25202 25201 25198 25197 25194 25193 25192 25181 25182 25183 25184 23711 23708 23697 23696 23685 23684 0 23256 23257 23260 23201 23202 23203 22664 22665 22666 22603 22604 22605 0 22551 22552 22545 22544 22223 22224 22165 22166 22167 22168 22043 22042 22037 22038 22011 22010 0 21974 21973 21968 21969 20322 20321 20326 20329 20330 20333 20334 20337 20338 20341 20342 20343 20346 20349 20284 20283 0 0 20272 20271 20270 20269 20268 20267 20264 20263 20260 20221 20220 20213 20212 20205 20204 20203 20166 20165 20170 20171 20172 0 0 0 0 0 0 0
0 0 0 0 0 0 0 0 0 0 0 0 0 25746 25747 25736 25735 25708 25707 25706 25705 25704 25701 0 25697 25696 25695 25248 25247 25246 25243 25232 25219 25220 25221 25222 25223 25224 25211 25210 25207 25204 25203 25200 25199 25168 25169 25170 25171 25180 25179 25178 25177 23712 23707 23698 23681 23682 23683 23272 23271 23262 23261 23200 23199 22676 22675 22668 22667 22602 22597 22596 22563 22562 22553 22554 22543 22542 22225 22164 22163 22162 22161 22044 22041 22040 22039 22008 22009 21976 21975 21966 21967 0 20323 20324 20325 0 20331 20332 20335 20336 20339 20340 0 20344 20345 20350 20351 20352 0 20358 20359 20364 20365 20368 20369 20266 20265 20262 20261 0 20389 20390 20393 20394 20395 20202 20167 20168 20169 20174 20173 0 0 0 0 0 0 0
0 0 0 0 0 0 0 0 0 24931 24932 24937 24938 25745 25744 25737 25738 25739 25064 25065 25066 25703 25702 25077 25078 25085 25086 25239 25240 25241 25242 25233 25218 25217 25216 25215 25214 25213 25212 25209 25208 25159 25160 25163 25164 25167 23846 23845 25172 25173 25174 25175 25176 23713 23706 23699 23680 23279 23278 23273 23270 23263 23264 23197 23198 22677 22674 22669 22670 22601 22598 22595 22564 22561 22556 22555 22540 22541 22226 22157 22158 22159 22160 22045 22046 22005 22006 22007 0 21977 21978 21965 21870 21869 20962 20961 20954 20953 20944 20943 20464 20463 20462 20461 20460 20459 20458 20457 20456 20353 20354 20357 20360 20363 20366 20367 20370 20371 20372 20385 20386 20387 20388 20391 20392 20397 20396 20201 20186 20185 20184 20175 20176 0 0 0 0 0 0 0
0 0 0 0 0 0 0 24926 24927 24930 24933 24936 24939 0 25743 25742 25741 25740 25063 25062 25067 25070 25071 25076 25079 25084 25087 25238 25237 25236 25235 25234 0 25150 25151 25152 25153 25154 25155 25156 25157 25158 25161 25162 25165 25166 23847 23844 23843 23834 23833 23752 23751 23714 23705 23700 23679 23280 23277 23274 23269 23266 23265 23196 22679 22678 22673 22672 22671 22600 22599 22594 22565 22560 22557 22538 22539 22228 22227 22156 22155 22144 22143 22048 22047 22004 22003 21986 21985 21984 21979 21964 21871 21868 20963 20960 20955 20952 20945 20942 20465 20468 20469 20472 20473 20474 20475 20476 20455 20454 20355 20356 20361 20362 20439 20438 20375 20374 20373 20384 20383 20402 20401 20400 20399 20398 20199 20200 20187 20182 20183 20178 20177 0 0 0 0 0 0 0
0 0 0 0 0 0 0 24925 24928 24929 24934 24935 24940 24941 24942 24947 24948 24949 25060 25061 25068 25069 25072 25075 25080 25083 25088 25091 25092 25095 25096 25101 25102 25149 25148 25147 25146 25145 25144 0 25140 25139 25136 25135 25134 23849 23848 23841 23842 23835 23832 23753 23750 23715 23704 23701 23678 23281 23276 23275 23268 23267 23194 23195 22680 22681 22682 22683 22684 22685 22686 22593 22566 22559 22558 22537 22536 22229 22230 22153 22154 22145 22142 22049 22050 22001 22002 21987 21988 21983 21980 21963 21872 21867 20964 20959 20956 20951 20946 20941 20466 20467 20470 20471 20480 20479 20478 20477 20452 20453 20448 20447 20444 20443 20440 20437 20376 20377 20378 20381 20382 20403 20404 20405 20406 20407 20198 20197 20188 20181 20180 20179 0 0 0 0 0 0 0 0
0 0 0 0 0 0 0 24924 24923 24922 24921 24920 24919 24918 24943 24946 24951 24950 25059 25058 25055 25054 25073 25074 25081 25082 25089 25090 25093 25094 25097 25100 25103 25106 25107 25114 25115 25116 25143 25142 25141 25138 25137 25132 25133 23850 23851 23840 23837 23836 23831 23754 23749 23716 23703 23702 23677 23282 23283 23284 23191 23192 23193 23180 23179 23178 22695 22694 22693 22692 22687 22592 22567 22568 22569 22534 22535 0 22231 22152 22151 22146 22141 22140 22051 22000 0 21990 21989 21982 21981 21962 21873 21866 20965 20958 20957 20950 20947 20940 20939 0 20491 20490 20481 20482 20483 20484 20451 20450 20449 20446 20445 20442 20441 20436 20435 20434 20379 20380 20413 20412 20411 20410 20409 20408 0 20196 20189 20190 20645 20646 0 0 0 0 0 0 0 0
0 0 0 0 0 0 0 0 0 0 24848 24849 24916 24917 24944 24945 24952 24961 24962 25057 25056 25053 25050 25049 25048 25047 25046 25045 25044 25043 25098 25099 25104 25105 25108 25113 25112 25117 25122 25123 25126 25127 25130 25131 23854 23853 23852 23839 23838 23829 23830 23755 23748 23717 23674 23675 23676 23289 23288 23285 23190 0 23182 23181 23176 23177 22696 22697 22698 22691 22688 22591 22590 22589 22570 22533 22530 22529 22232 22233 22150 22147 22138 22139 22052 21999 21998 21991 21992 21993 21960 21961 21874 21865 20966 20969 20970 20949 20948 20937 20938 20493 20492 20489 20488 20487 20486 20485 0 20503 20504 20505 20506 20507 20508 20509 20510 20433 20428 20427 20414 20415 20416 20417 20418 20419 0 20195 20194 20191 20644 20647 0 20651 20652 0 0 0 0 0
0 0 0 0 0 0 0 24838 24839 24846 24847 24850 24915 24914 24913 24954 24953 24960 24963 24968 24969 25052 25051 24996 24997 25000 25001 25040 25041 25042 25035 25034 25031 25030 25109 25110 25111 25118 25121 25124 25125 25128 25129 23856 23855 23824 23825 23826 23827 23828 23757 23756 23747 23718 23673 23666 23665 23290 23287 23286 23189 23188 23183 23184 23175 22702 22701 22700 22699 22690 22689 22586 22587 22588 22571 22532 22531 22528 0 22234 22149 22148 22137 22136 22053 22054 21997 21996 21995 21994 21959 0 21875 21864 20967 20968 20971 20972 20935 20936 0 20494 20495 20496 20497 20498 20499 20500 20501 20502 20523 20522 20517 20516 20515 20514 20511 20432 20429 20426 20425 20424 20423 20422 20421 20420 20637 20638 20193 20192 20643 20648 20649 20650 20653 20654 0 0 0 0
0 0 0 0 0 0 24836 24837 24840 24845 24844 24851 24910 24911 24912 24955 0 24959 24964 24967 24970 0 24994 24995 24998 24999 25002 25039 25038 25037 25036 25033 25032 25029 25028 25027 25026 25119 25120 24159 24158 24145 24144 23857 23858 23823 23814 23813 23812 0 23758 23745 23746 23719 23672 23667 23664 23291 23292 23293 23294 23187 23186 23185 23174 22703 22704 22705 22706 22707 22708 22585 22584 22583 22572 22573 22526 22527 22236 22235 22132 22133 22134 22135 0 22055 22056 22057 22058 21957 21958 21877 21876 21863 21862 21861 21860 20973 20934 20933 20932 20539 20538 20537 20536 20535 20534 20533 20528 20527 20524 20521 20518 20581 20582 20513 20512 20431 20430 0 20608 20609 20610 20611 20612 20613 20636 20639 20640 20641 20642 20659 20658 20657 20656 20655 0 0 0 0
0 0 0 0 0 0 24835 24834 24841 24842 24843 24852 24909 24908 24907 24956 24957 24958 24965 24966 24971 24972 24993 24992 24991 24990 25003 25004 25007 25008 25011 25012 0 25022 25023 25024 25025 0 24161 24160 24157 24146 24143 24142 23859 23822 23815 23810 23811 23760 23759 23744 23721 23720 23671 23668 23663 0 23297 23296 23295 23170 23171 23172 23173 0 22735 22734 22733 22732 22709 22710 22711 22582 22581 22574 22525 22524 22237 22238 22131 22128 22127 22122 22121 22116 22115 0 22059 21956 21955 21878 21879 21856 21857 21858 21859 20974 20975 20930 20931 20540 20541 20542 20543 20544 20545 20532 20529 20526 20525 20520 20519 20580 20583 0 20595 20596 20603 20604 20607 20618 20617 20616 20615 20614 20635 20664 20663 20662 20661 20660 0 0 0 0 0 0 0 0
0 0 0 0 0 0 0 24833 24832 24831 24830 24853 24860 24861 24906 24905 24904 24893 24892 24889 24888 24973 24974 24975 0 24989 24988 25005 25006 25009 25010 25013 25014 25021 25020 25019 24164 24163 24162 24155 24156 24147 24140 24141 23860 23821 23816 23809 0 23761 23742 23743 23722 23723 23670 23669 23662 23661 23298 23299 23300 23169 23168 23167 23166 23165 22736 22737 22738 22731 22728 22727 22712 22713 22580 22575 22522 22523 22240 22239 22130 22129 22126 22123 22120 22117 22114 22061 22060 21953 21954 21881 21880 21855 21854 0 21658 21657 20976 20929 20924 20923 0 20551 20550 20547 20546 20531 20530 0 20568 20569 20570 20579 20584 20585 20594 20597 20602 20605 20606 20619 20620 20631 20632 20633 20634 20665 20666 20667 20668 20669 20670 0 0 0 0 0 0 0
0 0 0 0 0 24822 24823 24826 24827 24828 24829 24854 24859 24862 24901 24902 24903 24894 24891 24890 24887 24886 24885 24976 24985 24986 24987 24592 24591 24590 24587 24586 25015 25016 25017 25018 24165 24166 24167 24154 24149 24148 24139 24138 23861 23820 23817 23808 23763 23762 23741 23740 23725 23724 23657 23658 23659 23660 23317 23316 23301 23160 23161 23162 23163 23164 22741 22740 22739 22730 22729 22726 22725 22714 22579 22576 22521 0 22241 22242 22249 22250 22125 22124 22119 22118 22113 22062 22063 21952 21951 21882 21883 21884 21853 21852 21659 21656 20977 20928 20925 20922 20553 20552 20549 20548 20559 20560 20563 20564 20567 20572 20571 20578 20587 20586 20593 20598 20601 20624 20623 20622 20621 20630 20701 20700 20699 20698 20675 20674 20673 20672 20671 0 0 0 0 0 0 0
0 0 0 24819 24820 24821 24824 24825 24808 24807 24806 24855 24858 24863 24900 24899 24898 24895 24878 24879 24882 24883 24884 24977 24984 24983 24982 24593 24594 24589 24588 24585 24584 24569 24568 24567 0 24169 24168 24153 24150 24135 24136 24137 23862 23819 23818 23807 23764 23765 23766 23739 23726 23727 23656 23331 23330 0 23318 23315 23302 23159 0 22829 22828 0 22742 22743 22744 22745 22746 22747 22724 22715 22578 22577 22520 22519 22244 22243 22248 22251 22252 22109 22110 22111 22112 0 22064 22065 21950 21895 21894 21885 21850 21851 21660 21655 20978 20927 20926 20921 20554 20555 20556 20557 20558 20561 20562 20565 20566 20573 20574 20577 20588 20591 20592 20599 20600 20625 20626 20627 20628 20629 20702 20703 20704 20697 20676 20677 20678 20679 20680 0 0 0 0 0 0 0
0 0 0 24818 24817 24816 24813 24812 24809 24804 24805 24856 24857 24864 24865 0 24897 24896 24877 24880 24881 24604 24603 24978 24979 24980 24981 24596 24595 24580 24581 24582 24583 24570 0 24566 24565 24170 24171 24152 24151 24134 24133 23864 23863 23804 23805 23806 0 23768 23767 23738 23737 23728 23655 23332 23329 23328 23319 23314 23303 23158 23157 22830 22827 22826 22825 22812 22811 22810 22809 22748 22723 22716 22515 22516 22517 22518 22245 22246 22247 22254 22253 22108 22107 22088 22087 22072 22071 22066 21949 21896 21893 21886 21849 21662 21661 21654 20979 20980 20981 20920 20919 20910 20909 20892 20891 20890 20889 20880 20879 20878 20575 20576 20589 20590 20787 20786 20783 20782 20781 20710 20709 20708 20707 20706 20705 20696 20685 20684 20683 20682 20681 0 0 0 0 0 0 0
0 0 0 0 0 24815 24814 24811 24810 24803 24802 24801 24868 24867 24866 24873 24874 24875 24876 24659 24658 24605 24602 24601 24600 24599 24598 24597 0 24579 24576 24575 24572 24571 24562 24563 24564 0 24172 24173 24174 24131 24132 23865 23866 23803 0 23777 23776 23769 23770 23735 23736 23729 23654 23333 23334 23327 23320 23313 23304 23155 23156 22831 22832 22823 22824 22813 22814 22807 22808 22749 22722 22717 22514 22317 22316 22311 22310 22285 22284 22255 22256 22105 22106 22089 22086 22073 22070 22067 21948 21897 21892 21887 21848 21663 21664 21653 21630 21629 20982 20917 20918 20911 20908 20893 20894 20895 20888 20881 20882 20877 20874 20873 20790 20789 20788 20785 20784 20779 20780 20711 20712 20713 20714 20715 20716 20695 20686 20687 20688 20689 0 0 0 0 0 0 0 0
0 0 24785 24786 24789 24790 24793 24794 0 24798 24799 24800 24869 24870 24871 24872 24669 24668 24661 24660 24657 24606 24545 24546 24547 24548 24549 24550 24551 24578 24577 24574 24573 24560 24561 24208 24207 24180 24179 24176 24175 24130 24129 23868 23867 23802 23801 23778 23775 23772 23771 23734 23731 23730 23653 23652 23335 23326 23321 23312 23305 23154 23153 22834 22833 22822 22821 22816 22815 22806 22751 22750 22721 22718 22513 22318 22315 22312 22309 22286 22283 22282 22257 22104 22103 22090 22085 22074 22069 22068 21947 21898 21891 21888 21847 21666 21665 21652 21631 21628 20983 20916 20913 20912 20907 20904 20903 20896 20887 20886 20883 20876 20875 20872 20791 20792 20793 20794 20795 20778 20777 20748 20747 20720 20719 20718 20717 20694 20693 20692 20691 20690 0 0 0 0 0 0 0 0
0 0 24784 24787 24788 24791 24792 24795 24796 24797 24686 24685 24682 24681 24680 24671 24670 24667 24662 0 24656 24607 24544 24543 24542 24541 24540 24539 24552 0 24556 24557 24558 24559 24210 24209 24206 24181 24178 24177 24126 24127 24128 23869 23870 23871 23800 23779 23774 23773 0 23733 23732 0 23650 23651 23336 23325 23322 23311 23306 23151 23152 22835 22838 22839 22820 22817 22804 22805 22752 22753 22720 22719 22512 22319 22314 22313 22308 22287 22280 22281 22258 22259 22102 22091 22084 22075 0 21945 21946 21899 21890 21889 21846 21667 21650 21651 21632 21627 20984 20915 20914 0 20906 20905 20902 20897 20898 20885 20884 21005 21006 20871 20870 20799 20798 20797 20796 20775 20776 20749 20746 20721 20722 20723 20724 20725 20726 20727 20728 0 0 0 0 0 0 0 0 0
0 0 24783 24782 24781 24780 24757 24756 24753 24752 24687 24684 24683 24678 24679 24672 24673 24666 24663 24654 24655 24608 24531 24532 24533 24534 24537 24538 24553 24554 24555 24224 24223 24212 24211 0 24205 24182 24183 24184 24125 24124 23921 23920 23873 23872 23799 23780 23781 23782 23783 0 23643 23644 23649 23648 23337 23324 23323 23310 23307 23150 23149 22836 22837 22840 22819 22818 22803 22802 22801 22754 22755 22510 22511 22320 22321 22322 22307 22288 22279 22278 22261 22260 22101 22092 22083 22076 21943 21944 21901 21900 21843 21844 21845 21668 21649 21648 21633 21626 20985 20986 20987 20988 20989 0 20901 20900 20899 21002 21003 21004 21007 20868 20869 20800 20801 20802 20803 20774 20773 20750 20745 20742 20741 20738 20737 20734 20733 20730 20729 0 0 0 0 0 0 0 0 0
0 0 24774 24775 24778 24779 24758 24755 24754 24751 24688 24689 0 24677 24676 24675 24674 24665 24664 24653 24652 24609 24530 24527 24526 24535 24536 24521 24520 24519 24226 24225 24222 24213 24214 24215 24204 24191 24190 24185 24122 24123 23922 23919 23874 23875 23798 23787 23786 23785 23784 23641 23642 23645 23646 23647 23338 23339 23340 23309 23308 0 23148 22853 22852 22841 22842 22843 22796 22797 22800 22757 22756 22509 22508 22327 22326 22323 22306 22289 22290 22277 22262 22099 22100 22093 22082 22077 21942 21903 21902 21841 21842 21831 21830 21669 21646 21647 21634 21625 21624 21623 20992 20991 20990 20997 20998 20999 21000 21001 21010 21009 21008 20867 20866 20813 20812 20811 20804 20805 20772 20751 20744 20743 20740 20739 20736 20735 20732 20731 0 0 0 0 0 0 0 0 0 0
24771 24772 24773 24776 24777 24760 24759 0 24749 24750 24691 24690 24641 24642 24643 24644 24645 24646 0 24650 24651 24610 24529 24528 24525 24524 24523 24522 0 24518 24227 0 24221 24220 24219 24216 24203 24192 24189 24186 24121 24120 23923 23918 23877 23876 23797 23788 23789 23790 0 23640 23639 23502 23501 23364 23363 23342 23341 0 23145 23146 23147 22854 22851 22848 22847 22844 22795 22798 22799 22758 22759 22760 22507 22328 22325 22324 22305 22304 22291 22276 22263 22098 22097 22094 22081 22078 21941 21904 21905 21840 21833 21832 21829 21670 21645 21636 21635 21620 21621 21622 20993 20994 20995 20996 21015 21014 21013 21012 21011 21022 21023 20864 20865 20814 20815 20810 20807 20806 20771 20752 20753 20754 20755 20756 20757 0 0 0 0 0 0 0 0 0 0 0 0 0
24770 24769 24764 24763 24762 24761 0 0 24748 24693 24692 24639 24640 24629 24628 24623 24622 24647 24648 24649 24612 24611 0 24511 24512 24513 24514 24515 24516 24517 24228 24229 24230 24231 24218 24217 24202 24193 24188 24187 0 24119 23924 23917 23878 0 23796 23793 23792 23791 23636 23637 23638 23503 23500 23365 23362 23343 23344 23143 23144 23061 23060 22855 22850 22849 22846 22845 22794 22793 22764 22763 22762 22761 22506 22329 22330 22331 22332 22303 22292 22275 22264 22265 22096 22095 22080 22079 21940 21907 21906 21839 21834 21827 21828 21671 21644 21637 21638 21619 21618 21201 21200 21199 21196 21195 21016 21017 21018 21019 21020 21021 21024 20863 20862 20817 20816 20809 20808 20769 20770 20765 20764 20761 20760 20759 20758 0 0 0 0 0 0 0 0 0 0 0 0 0
0 24768 24765 0 0 24742 24743 24746 24747 24694 24695 24638 24637 24630 24627 24624 24621 24618 24617 24614 24613 24494 24495 24510 24509 24508 24505 24504 24275 24274 24245 24244 24233 24232 0 24200 24201 24194 0 24116 24117 24118 23925 23916 23879 23880 23795 23794 23633 23634 23635 23510 23509 23504 23499 23366 23361 23346 23345 23142 23063 23062 23059 22856 22857 22858 22859 22790 22791 22792 22765 22766 22767 22504 22505 22338 22337 22334 22333 22302 22293 22274 22273 22266 21935 21936 21937 21938 21939 21908 21909 21838 21835 21826 21825 21672 21643 21640 21639 0 21617 21202 0 21198 21197 21194 21193 21034 21033 21030 21029 21026 21025 0 20861 20818 20819 20820 0 20768 20767 20766 20763 20762 0 0 0 0 0 0 0 0 0 0 0 0 0 0 0 0
0 24767 24766 24739 24740 24741 24744 24745 24700 24699 24696 24635 24636 24631 24626 24625 24620 24619 24616 24615 24492 24493 24496 24497 24498 24507 24506 24503 24276 24273 24246 24243 24234 24235 24236 24199 24198 24195 24114 24115 23932 23931 23926 23915 23914 23881 23882 23883 23632 23627 23626 23511 23508 23505 23498 23367 23360 23347 23348 23141 23064 23065 23058 23057 22862 22861 22860 22789 22786 22785 22776 22775 22768 22503 22340 22339 22336 22335 22300 22301 22294 22295 22272 22267 21934 21927 21926 21925 21924 21911 21910 21837 21836 21823 21824 21673 21642 21641 0 21615 21616 21203 21204 21207 21208 21191 21192 21035 21032 21031 21028 21027 21046 21047 20860 20857 20856 20821 20822 20823 20824 20825 20826 0 0 0 0 0 0 0 0 0 0 0 0 0 0 0 0 0
0 0 0 24738 24737 24736 24735 24734 24701 24698 24697 24634 24633 24632 0 24484 24485 24488 24489 24490 24491 24430 24429 24428 24499 24500 24501 24502 24277 24272 24247 24242 24239 24238 24237 0 24197 24196 24113 23934 23933 23930 23927 0 23913 23886 23885 23884 23631 23628 23625 23512 23507 23506 23497 23368 23359 23350 23349 23140 23067 23066 23055 23056 22863 22864 22865 22788 22787 22784 22777 22774 22769 22502 22341 22342 22343 22344 22299 22298 22297 22296 22271 22268 21933 21928 21921 21922 21923 21912 21913 21914 0 21822 21821 21674 21675 21676 21613 21614 21609 21608 21205 21206 21209 21190 21189 21036 21037 21038 21041 21042 21045 21048 20859 20858 20855 20854 20851 20850 20849 20828 20827 0 0 0 0 0 0 0 0 0 0 0 0 0 0 0 0 0
0 0 0 0 24730 24731 24732 24733 24702 24703 0 24479 24480 24481 24482 24483 24486 24487 24446 24445 24444 24431 24432 24427 24426 24417 24416 24279 24278 24271 24248 24241 24240 0 24108 24109 24110 24111 24112 23935 0 23929 23928 23911 23912 23887 23888 23889 23630 23629 23624 23513 23514 23495 23496 23369 23358 23351 23138 23139 23068 0 23054 23033 23032 23031 22866 22867 22868 22783 22778 22773 22770 22501 22500 22347 22346 22345 22352 22353 22354 0 22270 22269 21932 21929 21920 21919 21918 21917 21916 21915 21816 21817 21820 21695 21694 21677 21612 21611 21610 21607 21212 21211 21210 0 21188 21185 21184 21039 21040 21043 21044 21049 21050 21051 21052 20853 20852 0 20848 20829 20830 20831 20832 20833 0 0 0 0 0 0 0 0 0 0 0 0 0 0
0 0 0 0 24729 24726 24725 24722 24721 24704 24705 24478 24473 24472 24471 24454 24453 24448 24447 24442 24443 24434 24433 24424 24425 24418 24415 24280 24269 24270 24249 24250 24251 24252 24107 24106 24105 23976 23975 23936 23937 23938 23909 23910 23893 23892 23891 23890 23619 23620 23623 23516 23515 23494 23493 23370 23357 23352 23137 23136 23069 23070 23053 23034 23035 23030 22873 22872 22869 22782 22779 22772 22771 22498 22499 22348 22349 22350 22351 22356 22355 22364 22365 0 21931 21930 21809 21810 21811 21812 21813 21814 21815 21818 21819 21696 21693 21678 21679 21680 21605 21606 21213 21214 21215 21216 21187 21186 21183 21132 21131 21130 21129 21056 21055 21054 21053 21062 21063 20846 20847 20840 20839 20836 20835 20834 0 0 0 0 0 0 0 0 0 0 0 0 0 0
0 0 0 0 24728 24727 24724 24723 24720 24707 24706 24477 24474 24469 24470 24455 24452 24449 24440 24441 24436 24435 0 24423 24422 24419 24414 24281 24268 24267 24264 24263 24262 24253 24254 24103 24104 23977 23974 23947 23946 23939 23908 23907 23894 23895 23896 23617 23618 23621 23622 23517 23488 23489 23492 23371 23356 23353 0 23135 23134 23071 23052 23037 23036 23029 22874 22871 22870 22781 22780 22495 22496 22497 22484 22483 22480 22479 22358 22357 0 22363 22366 22367 22368 22369 21808 21807 21806 21805 21802 21801 21726 21725 21698 21697 21692 21683 21682 21681 21604 21603 21220 21219 21218 21217 21226 21227 21182 21133 21134 21135 21128 21057 21058 21059 21060 21061 21064 20845 20844 20841 20838 20837 0 0 0 0 0 0 0 0 0 0 0 0 0 0 0 0
0 0 0 0 0 24716 24717 24718 24719 24708 0 24476 24475 24468 24467 24456 24451 24450 24439 24438 24437 0 0 0 24421 24420 24413 24282 0 24266 24265 24260 24261 24256 24255 24102 24101 23978 23973 23948 23945 23940 23941 23906 23901 23900 23897 23616 23615 23522 23521 23518 23487 23490 23491 23372 23355 23354 23131 23132 23133 23072 23051 23038 23039 23028 22875 22876 22877 22878 22879 22494 22489 22488 22485 22482 22481 22478 22359 22360 22361 22362 22387 22386 22371 22370 0 21794 21795 21804 21803 21800 21727 21724 21699 21700 21691 21684 21685 21598 21599 21602 21221 21222 21223 21224 21225 21228 21181 21138 21137 21136 21127 21084 21083 21080 21079 21066 21065 0 20843 20842 0 0 0 0 0 0 0 0 0 0 0 0 0 0 0 0 0 0
0 0 0 0 0 24715 24712 24711 24710 24709 0 0 0 24465 24466 24457 24392 24393 24394 0 24398 24399 0 24409 24410 24411 24412 24283 24284 24285 24286 24259 24258 24257 24098 24099 24100 23979 23972 23949 23944 23943 23942 23905 23902 23899 23898 0 23614 23523 23520 23519 23486 23485 23484 23373 23124 23125 23130 23129 23074 23073 23050 23041 23040 23027 22886 22885 22884 22883 22880 22493 22490 22487 22486 0 22476 22477 22418 22417 22390 22389 22388 22385 22372 21791 21792 21793 21796 21797 21798 21799 21728 21723 21702 21701 21690 21687 21686 21597 21600 21601 21238 21237 21234 21233 21232 21229 21180 21139 21140 21141 21126 21085 21082 21081 21078 21067 21068 21069 0 0 0 0 0 0 0 0 0 0 0 0 0 0 0 0 0 0 0 0
0 0 0 0 0 24714 24713 0 0 0 0 0 0 24464 24459 24458 24391 24390 24395 24396 24397 24400 24401 24408 24407 24406 24303 24302 24299 24298 24287 24288 24095 24096 24097 23986 23985 23980 23971 23950 23951 23952 0 23904 23903 0 23611 23612 23613 23524 23525 23480 23481 23482 23483 23374 23123 23126 23127 23128 23075 23076 23049 23042 23043 23026 22887 22888 22889 22882 22881 22492 22491 22472 22473 22474 22475 22420 22419 22416 22391 22392 22393 22384 22373 21790 21789 21788 21737 21736 21735 21730 21729 21722 21703 21704 21689 21688 0 21596 21595 21594 21239 21236 21235 0 21231 21230 21179 21146 21145 21142 21125 21086 21087 21088 21077 21074 21073 21070 0 0 0 0 0 0 0 0 0 0 0 0 0 0 0 0 0 0 0 0
0 0 0 0 0 0 0 0 0 0 0 0 0 24463 24460 0 0 24389 24388 24379 24378 24377 24402 24403 24404 24405 24304 24301 24300 24297 24290 24289 24094 24093 23988 23987 23984 23981 23970 23967 23966 23953 23954 23955 23598 23599 23610 23609 23608 23607 23526 23479 23478 23475 23474 23375 23122 23121 23080 23079 23078 23077 23048 23047 23044 23025 23024 22891 22890 22897 22898 22899 22900 22471 22470 22435 22434 22421 0 22415 22396 22395 22394 22383 22374 21785 21786 21787 21738 21739 21734 21731 21720 21721 21706 21705 21588 21589 21590 21591 21592 21593 21240 21241 21242 21243 21244 21177 21178 21147 21144 21143 21124 21123 21090 21089 21076 21075 21072 21071 0 0 0 0 0 0 0 0 0 0 0 0 0 0 0 0 0 0 0 0
0 0 0 0 0 0 0 0 0 0 0 0 0 24462 24461 0 0 24386 24387 24380 24375 24376 24361 24360 24357 24356 24305 24306 24307 24296 24291 24292 0 24092 23989 0 23983 23982 23969 23968 23965 23964 23957 23956 23597 23600 0 23604 23605 23606 23527 23528 23477 23476 23473 23376 23119 23120 23081 23082 23083 23084 23085 23046 23045 0 23023 22892 22895 22896 22905 22904 22901 22468 22469 22436 22433 22422 22423 22414 22397 22398 22381 22382 22375 21784 21783 21744 21743 21740 21733 21732 21719 21718 21707 21708 21587 21584 21583 21582 21581 21580 21251 21250 21249 21246 21245 21176 21175 21148 21149 21150 21151 21122 21091 21092 21093 0 0 0 0 0 0 0 0 0 0 0 0 0 0 0 0 0 0 0 0 0 0 0
0 0 0 0 0 0 0 0 0 0 0 0 0 0 0 0 0 24385 24382 24381 24374 24373 24362 24359 24358 24355 24354 24309 24308 24295 24294 24293 24090 24091 23990 23991 23992 23993 23994 24005 24006 23963 23958 23959 23596 23601 23602 23603 23536 23535 23534 23529 23470 23471 23472 23377 23118 23117 23116 23109 23108 23087 23086 23019 23020 23021 23022 22893 22894 22907 22906 22903 22902 22467 22466 22437 22432 22431 22424 22413 22400 22399 22380 22379 22376 21781 21782 21745 21742 21741 0 21715 21716 21717 21710 21709 21586 21585 0 21577 21578 21579 21252 21253 21248 21247 21258 21259 21174 21173 21154 21153 21152 21121 21108 21107 21094 21095 21096 0 0 0 0 0 0 0 0 0 0 0 0 0 0 0 0 0 0 0 0 0
0 0 0 0 0 0 0 0 0 0 0 0 0 0 0 0 0 24384 24383 0 0 24372 24363 0 24349 24350 24353 24310 24311 24312 24087 24088 24089 24046 24045 23998 23997 23996 23995 24004 24007 23962 23961 23960 23595 23566 23565 23564 23537 23538 23533 23530 23469 23468 23467 23378 23379 23114 23115 23110 23107 23088 23089 23018 23017 23014 23013 22970 22969 22908 22909 0 22915 22916 22465 22438 22439 22430 22425 22412 22401 22402 22403 22378 22377 21780 21779 21746 21747 21748 21749 21714 21713 21712 21711 21566 21567 21570 21571 21576 21575 21448 21447 21254 21255 21256 21257 21260 21171 21172 21155 21156 21119 21120 21109 21106 21099 21098 21097 0 0 0 0 0 0 0 0 0 0 0 0 0 0 0 0 0 0 0 0 0
0 0 0 0 0 0 0 0 0 0 0 0 0 0 0 0 0 0 0 0 24370 24371 24364 24347 24348 24351 24352 24317 24316 24313 24086 24081 24080 24047 24044 23999 24000 24001 24002 24003 24008 24009 24010 23593 23594 23567 0 23563 23540 23539 23532 23531 23462 23463 23466 23381 23380 23113 23112 23111 23106 23091 23090 0 23016 23015 23012 22971 22968 22967 22910 22911 22914 22917 22464 22463 22440 22429 22426 22411 22410 22405 22404 0 21776 21777 21778 21753 21752 21751 21750 0 21560 21561 21564 21565 21568 21569 21572 21573 21574 21449 21446 21267 21266 21265 21264 21261 21170 21169 21158 21157 21118 21117 21110 21105 21100 0 0 0 0 0 0 0 0 0 0 0 0 0 0 0 0 0 0 0 0 0 0 0
0 0 0 0 0 0 0 0 0 0 0 0 0 0 0 0 0 0 0 0 24369 24368 24365 24346 24339 24338 24337 24318 24315 24314 24085 24082 24079 24048 24043 24034 24033 24032 24017 24016 24013 24012 24011 23592 23569 23568 23561 23562 23541 23542 23543 23460 23461 23464 23465 23382 23383 23384 23385 23386 23105 23092 23093 23008 23009 23010 23011 22972 22973 22966 22965 22912 22913 22918 22461 22462 22441 22428 22427 0 22409 22406 21773 21774 21775 21756 21755 21754 21555 21556 21557 21558 21559 21562 21563 21540 21539 21538 21537 21462 21461 21450 21445 21268 21269 21270 21263 21262 21167 21168 21159 21160 21161 21116 21111 21104 21101 0 0 0 0 0 0 0 0 0 0 0 0 0 0 0 0 0 0 0 0 0 0 0
0 0 0 0 0 0 0 0 0 0 0 0 0 0 0 0 0 0 0 0 0 24367 24366 24345 24340 24335 24336 24319 24320 24321 24084 24083 24078 24049 24042 24035 24036 24031 24018 24015 24014 23589 23590 23591 23570 23571 23560 23559 23552 23551 23544 23459 23458 23457 23456 23393 23392 23391 23390 23387 23104 23103 23094 23007 23002 23001 22982 22981 22974 22963 22964 22921 22920 22919 22460 22459 22442 22443 0 0 22408 22407 21772 21771 21758 21757 0 0 21554 21553 21552 21549 21548 21545 21544 21541 21534 21535 21536 21463 21460 21451 21444 21273 21272 21271 21278 21279 21166 21165 21164 21163 21162 21115 21112 21103 21102 0 0 0 0 0 0 0 0 0 0 0 0 0 0 0 0 0 0 0 0 0 0 0
0 0 0 0 0 0 0 0 0 0 0 0 0 0 0 0 0 0 0 0 0 0 0 24344 24341 24334 24333 24332 24323 24322 24075 24076 24077 24050 24041 24038 24037 24030 24019 24020 24021 23588 23587 23586 23573 23572 0 23558 23553 23550 23545 23452 23453 23454 23455 23394 23395 23396 23389 23388 23101 23102 23095 23006 23003 23000 22983 22980 22975 22962 22961 22922 22923 22924 22925 22458 22457 22444 22445 0 0 21768 21769 21770 21759 21760 0 0 21509 21510 21551 21550 21547 21546 21543 21542 21533 21532 21465 21464 21459 21452 21443 21274 21275 21276 21277 21280 21281 21282 21283 21284 0 21114 21113 0 0 0 0 0 0 0 0 0 0 0 0 0 0 0 0 0 0 0 0 0 0 0 0 0
0 0 0 0 0 0 0 0 0 0 0 0 0 0 0 0 0 0 0 0 0 0 0 24343 24342 24329 24330 24331 24324 24073 24074 24069 24068 24051 24040 24039 0 24029 24024 24023 24022 0 0 23585 23574 0 0 23557 23554 23549 23546 23451 23446 23445 23440 23439 23398 23397 23402 23403 23100 23099 23096 23005 23004 22999 22984 22979 22976 22959 22960 22929 22928 22927 22926 0 22456 22455 22446 22447 0 21767 21766 21765 21762 21761 21506 21507 21508 21511 21512 21513 0 21527 21528 21529 21530 21531 21466 21457 21458 21453 21442 21299 21298 21297 21296 21293 21292 21289 21288 21285 0 0 0 0 0 0 0 0 0 0 0 0 0 0 0 0 0 0 0 0 0 0 0 0 0 0 0 0
0 0 0 0 0 0 0 0 0 0 0 0 0 0 0 0 0 0 0 0 0 0 0 0 0 24328 24327 24326 24325 24072 24071 24070 24067 24052 24053 0 0 24028 24025 0 0 0 23583 23584 23575 23576 0 23556 23555 23548 23547 23450 23447 23444 23441 23438 23399 23400 23401 23404 23405 23098 23097 22996 22997 22998 22985 22978 22977 22958 22957 22930 22931 22932 0 0 0 22454 22453 22448 22449 0 0 21764 21763 0 21505 21504 21503 21498 21497 21514 21515 21526 21525 21524 21523 21522 21467 21456 21455 21454 21441 21300 21303 21304 21295 21294 21291 21290 21287 21286 0 0 0 0 0 0 0 0 0 0 0 0 0 0 0 0 0 0 0 0 0 0 0 0 0 0 0 0
0 0 0 0 0 0 0 0 0 0 0 0 0 0 0 0 0 0 0 0 0 0 0 0 0 0 0 0 0 0 0 24065 24066 24055 24054 0 0 24027 24026 0 0 0 23582 23581 23578 23577 0 0 0 0 0 23449 23448 23443 23442 23437 23414 23413 23408 23407 23406 0 0 22995 22988 22987 22986 22953 22954 22955 22956 22935 22934 22933 0 0 0 0 22452 22451 22450 0 0 0 0 0 0 0 21502 21499 21496 21495 21516 21517 21518 21519 21520 21521 21468 21437 21438 21439 21440 21301 21302 21305 21306 21307 21308 21309 21310 21311 21312 0 0 0 0 0 0 0 0 0 0 0 0 0 0 0 0 0 0 0 0 0 0 0 0 0 0 0
0 0 0 0 0 0 0 0 0 0 0 0 0 0 0 0 0 0 0 0 0 0 0 0 0 0 0 0 0 24062 24063 24064 24057 24056 0 0 0 0 0 0 0 0 0 23580 23579 0 0 0 0 0 0 0 0 23434 23435 23436 23415 23412 23409 0 0 0 0 22994 22989 22990 0 22952 22949 22948 22947 22936 22937 0 0 0 0 0 0 0 0 0 0 0 0 0 0 0 21501 21500 0 21494 21493 21492 21485 21484 21483 21482 21469 21436 21435 21434 21433 21432 21321 21320 21319 21318 21317 21316 21315 21314 21313 0 0 0 0 0 0 0 0 0 0 0 0 0 0 0 0 0 0 0 0 0 0 0 0 0 0 0
0 0 0 0 0 0 0 0 0 0 0 0 0 0 0 0 0 0 0 0 0 0 0 0 0 0 0 0 0 24061 24060 24059 24058 0 0 0 0 0 0 0 0 0 0 0 0 0 0 0 0 0 0 0 0 23433 23420 23419 23416 23411 23410 0 0 0 0 22993 22992 22991 0 22951 22950 0 22946 22945 22938 0 0 0 0 0 0 0 0 0 0 0 0 0 0 0 0 0 0 0 0 21491 21486 21479 21480 21481 21470 21427 21428 21429 21430 21431 21322 21323 21324 21325 21332 21333 0 21337 21338 0 0 0 0 0 0 0 0 0 0 0 0 0 0 0 0 0 0 0 0 0 0 0 0 0 0 0
0 0 0 0 0 0 0 0 0 0 0 0 0 0 0 0 0 0 0 0 0 0 0 0 0 0 0 0 0 0 0 0 0 0 0 0 0 0 0 0 0 0 0 0 0 0 0 0 0 0 0 0 0 23432 23421 23418 23417 0 0 0 0 0 0 0 0 0 0 0 0 0 22943 22944 22939 0 0 0 0 0 0 0 0 0 0 0 0 0 0 0 0 0 0 0 0 21490 21487 21478 21473 21472 21471 21426 21425 21424 21405 21404 21385 21384 21327 21326 21331 21334 21335 21336 21339 0 0 0 0 0 0 0 0 0 0 0 0 0 0 0 0 0 0 0 0 0 0 0 0 0 0 0
0 0 0 0 0 0 0 0 0 0 0 0 0 0 0 0 0 0 0 0 0 0 0 0 0 0 0 0 0 0 0 0 0 0 0 0 0 0 0 0 0 0 0 0 0 0 0 0 0 0 0 23429 23430 23431 23422 23423 0 0 0 0 0 0 0 0 0 0 0 0 0 0 22942 22941 22940 0 0 0 0 0 0 0 0 0 0 0 0 0 0 0 0 0 0 0 0 21489 21488 21477 21474 21419 21420 21421 21422 21423 21406 21403 21386 21383 21328 21329 21330 21353 21352 21341 21340 0 0 0 0 0 0 0 0 0 0 0 0 0 0 0 0 0 0 0 0 0 0 0 0 0 0 0
0 0 0 0 0 0 0 0 0 0 0 0 0 0 0 0 0 0 0 0 0 0 0 0 0 0 0 0 0 0 0 0 0 0 0 0 0 0 0 0 0 0 0 0 0 0 0 0 0 0 0 23428 23427 23426 23425 23424 0 0 0 0 0 0 0 0 0 0 0 0 0 0 0 0 0 0 0 0 0 0 0 0 0 0 0 0 0 0 0 0 0 0 0 0 0 0 0 21476 21475 21418 21417 21412 21411 21408 21407 21402 21387 21382 21357 21356 21355 21354 21351 21342 21343 0 0 0 0 0 0 0 0 0 0 0 0 0 0 0 0 0 0 0 0 0 0 0 0 0 0 0
0 0 0 0 0 0 0 0 0 0 0 0 0 0 0 0 0 0 0 0 0 0 0 0 0 0 0 0 0 0 0 0 0 0 0 0 0 0 0 0 0 0 0 0 0 0 0 0 0 0 0 0 0 0 0 0 0 0 0 0 0 0 0 0 0 0 0 0 0 0 0 0 0 0 0 0 0 0 0 0 0 0 0 0 0 0 0 0 0 0 0 0 0 0 0 0 0 0 21416 21413 21410 21409 21400 21401 21388 21381 21358 21359 21360 21361 21350 21349 21344 21345 0 0 0 0 0 0 0 0 0 0 0 0 0 0 0 0 0 0 0 0 0 0 0 0 0 0
0 0 0 0 0 0 0 0 0 0 0 0 0 0 0 0 0 0 0 0 0 0 0 0 0 0 0 0 0 0 0 0 0 0 0 0 0 0 0 0 0 0 0 0 0 0 0 0 0 0 0 0 0 0 0 0 0 0 0 0 0 0 0 0 0 0 0 0 0 0 0 0 0 0 0 0 0 0 0 0 0 0 0 0 0 0 0 0 0 0 0 0 0 0 0 0 0 0 21415 21414 21397 21398 21399 21390 21389 21380 21375 21374 21363 21362 0 21348 21347 21346 0 0 0 0 0 0 0 0 0 0 0 0 0 0 0 0 0 0 0 0 0 0 0 0 0 0
0 0 0 0 0 0 0 0 0 0 0 0 0 0 0 0 0 0 0 0 0 0 0 0 0 0 0 0 0 0 0 0 0 0 0 0 0 0 0 0 0 0 0 0 0 0 0 0 0 0 0 0 0 0 0 0 0 0 0 0 0 0 0 0 0 0 0 0 0 0 0 0 0 0 0 0 0 0 0 0 0 0 0 0 0 0 0 0 0 0 0 0 0 0 0 0 0 0 0 0 21396 21395 21392 21391 0 21379 21376 21373 21364 21365 21366 21367 0 0 0 0 0 0 0 0 0 0 0 0 0 0 0 0 0 0 0 0 0 0 0 0 0 0 0 0
0 0 0 0 0 0 0 0 0 0 0 0 0 0 0 0 0 0 0 0 0 0 0 0 0 0 0 0 0 0 0 0 0 0 0 0 0 0 0 0 0 0 0 0 0 0 0 0 0 0 0 0 0 0 0 0 0 0 0 0 0 0 0 0 0 0 0 0 0 0 0 0 0 0 0 0 0 0 0 0 0 0 0 0 0 0 0 0 0 0 0 0 0 0 0 0 0 0 0 0 0 21394 21393 0 0 21378 21377 21372 21371 21370 21369 21368 0 0 0 0 0 0 0 0 0 0 0 0 0 0 0 0 0 0 0 0 0 0 0 0 0 0 0 0
