00000000000000000000000000000000000000000000000000000000000000000000000000000000000000000000000000000000000000000000000000000000000000000000
00000000000000000000000000000000000000000000000000000000000000000000000000000000000000000000000000000000000000000000000000000000000000000000
00000000000000000000000000000000000000000000000000000000000000000000000000000000000000000000000000000000000000000000000000000000000000000000
00000000000000000000000000000000000000000000000000001100000000000000000000000000000000000000000000000000000000000000000000000000000000000000
00000000000000000000000000000000000000000000000000001100000000000000000000000000000000000000000000000000000000000000000000000000000000000000
00000000000000000000000000000000000000000000000000001110001100000000000000000000000000000000111101100000000000000000000000000000000000000000
00000000000000000000000000000000000000000000000000001111111100000000000000000000000000000000111111111000000000000000000000000000000000000000
00000000000000000000000000000111110000000000000000111111111110000000000000000000000000000000001111111100000000000000000000000000000000000000
00000000000000000000000000000111110011000000000000111011111110000000000000000000000000000001111111111100000000000000000000000000000000000000
00000000000000000000000000001111110011100110001111111111111100000000000000000110000000000001111111111110000000011000000000000000000000000000
00000000000000000000000000001111011111100111001111111111111111111000000000011111111100111111111111111110001100111100000000000000000000000000
00000000000000000000000000011111111111001111011111111111111111111011000000011111111111111111111111111110011111111100000000000000000000000000
00000000000000000000000000011111111011111111111111111111111111111111111000111111111111111111111111111111111111110111110000000000000000000000
00000000000000000000000000110111111111111111111111111111111111111111111111111111111110111111111111111111101111111111110000000000000000000000
00000000000000000000000000111111111111111111111111111111111111111111111111111111111111111111111111111111111111111111111100000000000000000000
00000000000000000000000110111111111111110111111111111111111111111111111110111101111111111111111111111111111111111111111100000000000000000000
00000000000000000000000111110111111111111111111111011011111111111111011111111111011111101111111111011111111111111111111000000000000000000000
00000000000000000000000111111101111111111111111111111111111111111111111111111111111111111111111111111111111110111111000000000000000000000000
00000000000000000000011111111111111111111111111111111111111111111111111110111111111111111111111111111111111111111111100000011100000000000000
00000000000000000000011111111111111011111111101111111111111111111111111111111111111111111111111111111101111111111111110000011100000000000000
00000000000000000000111111111101111111111111111111111111111111111111111111111111111011111111111111110110111111111111110000001111000000000000
00000000000000000000111111111111111111011111111111111111111111111111111111111111011111111111111111111111111111011111100000011111000000000000
00000000000000000000011111111111111111111111111111111111011111111111111111111111111111111111111111111111111111111111111111111111000000000000
00000000000001100000011111111111111111101111111111101111111111111111111111111111111111111111111111111111111111111111111111111100000000000000
00000000000001100000001111111110111111111111111111111111111011111111111111111111111111111111111111111111111111111111111111111100000000000000
00000000000111100011111111111111111111111111011111111111111111111111111111111111101111111111111111111111111111111111111111111000000000000000
00000000000111111011111111111111111111111111111111111111111111111111111111111111111111110110111111111111111111111111111101111100000000000000
00000000001101111111111111111111111111111111111111111111111111111111111111111111111111111111111111111111111111110111111111111111000000000000
00000000011111111111111111111111111111111111111111111111111111111111111111111111111111111111111111111111111111111111111111111111000000000000
00000000011111111111111011111111111111101111111111111111111101111111111111111111111111111111111111111111111111111111111111111111000000000000
00000000011111111111111111101111111111111111011111111100111111111111111111111111110111110111111111111111111111111111111111111110000000000000
00000000011110011111111111101111111111111111111111111111111111101111011111111111111111111111111111111111111111111111111101111110000000000000
00000000000110111111111111111111111111111111111111111111111111110111111111111110111111111111111111110110111111111111111111111100110000000000
00000000001111111111111111111111111111111111111111111111111111111111111111111111111111111111111101111111111111111111111111111111110000000000
00000000001111111111111111111111111110111111111110111111111111111111111101111111111111111111111111111111111111110110110111111111111000000000
00000000001111111111111111111111011111111111111111111111111111111111111111111111111111111111111111111111111111011111111111111111111000000000
00000000001111111111111111111111111111111111111111111111111111111111111111111111111111110111111111111111011111111111111111111101110000000000
00000000111011111111111111111111111111111111111111111111111111111111111111111111111111111111111101111111111111111111111111111111110000000000
00000000111001101111011111111111111111111111111111111111011111111111111111111111111111101111111111111111111111111111111111111111100000000000
00000000011111111110111111110111111111111111111111111111111011111111111111111111111111111111111111111111011111111111111111111111111000000000
00000000011111111111111111111111110111101111111111111111111111111111111110110111111111111111110111111111110110111111011111111111111000000000
00000111111111111111111111111101111111111111111111111111111111011111111111111111111111111111110111111111111111111111111111111111110000000000
00000111111111111011111111111111111111011111111111111111111111111111111111111111111101111011111111111111111111111111111111101111110000000000
00000111111111111111111111101111111111111111111111111111111111111101111111111111111111101111111111111111111111111111111111111111100000000000
00000111111111111111111111111111111111111011111111111111111111111111111111111111111111111111111111111101111111111111111111111111100000000000
00011111111111111111101111111111111111111111110111111111111111111111111111111111011111111111111111111111111111111111111111011011100000000000
11111111111111111111111111111111111111011111111111111111110111111111111111111111111111111111111111111111111111011111111111111111100000000000
11111111111111111111111111011111111111111111111111110111111111111111111111111111111111111111111111111111111111111111111111111111111000000000
11111111111111111111011011111111111111111111111111111111111111111111111111111111111111111111111111111111111111111111111111111111111000000000
11111111111111111011011011111111111111101111111011111111110111111111111111111111111111111111111111111111111111110110110111111111100000000000
01111111111111111111111111110111111111111111011001111111111111111111111101111111101111111111111111111111111111111111111111110110000000000000
00011111111111111111111111111111111101111111111111111111111111111110111111111110111111111111111111110111111111111111111111111111111000000000
00000001111111111111111110111111111111111111111111111111111111111111111111111111111111111111111111111111111111111111111011111111111000000000
00000001111111011111111111111101111111111111111111111111111111111111111111111111111110111111101111111111111111111011111111111111100000000000
00000001100011111011111111111111111111111111111111111111111111111011111111111111111111111111111111111111111111101111011111111111100000000000
00000000000011111110111111111011111111111111111111111111111111000111111111111111111111111111011111111111111111111111111101111110000000000000
00000000000111111111111111111111111111111110111111110111111111111111111111111111111111111111111111111111111111111111111111111110000000000000
00000000011111111111111111111111111111111111111111111101110111111111111101111111111111111111111111111111111111011111111111111110000000000000
00000000011111111111111111111111101101101111111111111111111111011111111111111111111111111111111110111101111111111111111111111110000000000000
00000000011111111111011101111111111111111111111111111111101111111111111111111111101111011111111111111111111111111110111111111110000000000000
00000000011111111111111111111111111111111111111111011111110111110011111111111111111111111111111111111111111111111111111111111110000000000000
00000000001101101111111111111011111111111111111101111111111011110000011011111111111111111111111111111101111111111111111111111111100000000000
00000000001111111111111111111111111111111111111011111111111000000000000000011111111111111111111111111111111111111111111111111111100000000000
00000000011111111111111111111111111111111111111111111111110000000000000000011111111111111111111111111111111111111111111111011110000000000000
00000000011111111111111101111111111111111111111111111111100000000000000000000001111111111111111111111111111111110111111111111111100000000000
00000000001111111111111011111111111111111111111111111111111100000000000000000011111111111011011111111110111111111111111111111111100000000000
00000000001111111111111111111111111111111111111111111111111100000000000000000011111011011111111111111111111111111111111111110111100000000000
00000000001111111111111111111111111111111111101111101101111000000000000000000011111111111111111111111111111111110111111111111111000000000000
00000001111111111111111111111111111111111111111111111111111110000000000000001111111111111111111111111111111111111111111111111111000000000000
00000001111111111111111111111111110111111111111111111110011110110000000000001111111111111111111111111111111111111111111111111111000000000000
00000001111110111111111111111101111111111111111111111110111111111000000000000111001111111111111111111111111111111111111111111100000000000000
00000000011111111101111111111111111111111011111111111111111111111000000000111111011111111111111111111111011111111111111111111100000000000000
00000000000111111111111111111111111111111111111111111111111110110000000000111111111111111111111111111111111101111011111111111100000000000000
00000000000011011111111111111111111111111111111111111111111111100000000000011111111111111111111011111111111111111111111111111110000000000000
00000000000111111111011111111111111111111111111111111111111101111000000000011111111111111111111111111111111111111111111111111111111000000000
00000000011111111111111111111111111111111111111111111011111111111000000000111111111111111111111111111111111111111111111111111111111000000000
00000000011110111111111111111111111111111111111011111111111111100000000000111111111111111111111111111111111111111111111111111111111111100000
00000000001111111111111111111011111111111111110111111111111111000000000000000111111111111111111111111111111111111111111111111111111111100000
00000000001111111111111111111111111111111111111111111111111110000000000000000001111111111111111111111111111011111101111111111111111110000000
00000000000011111111111111111111111111111111111011111111111111000000000000000001111111111111101111111111111111111111111111111111111110000000
00000000000011011111111110111111111111111110110111111111111111100000000000000000111111101111111111111111111111111111111111111111111111100000
00000000000011111110111111111111111111111111111111111111111111111000000000000001111111111111111111111111111111101111111111111111111111100000
00000000001111111111101111111111111111111111111111111111111111111100000000111111111111111111111111111111111111111111101111111111111000000000
00000000001111111111111111111111111111111111111111111111111111111111111111111110001111111111111111111111111111111111111111111111111100000000
00000000001111111111111111111111111111111101111111111111111111111111111111011111011111111011111111111111111111111111011111011011111100000000
00000000011111111111111011111111111111111111111111111111111111111111111111011111111111111111111011111111111101111111111111111111111111110000
00000000011111111111111111111111111111111111111111110111111111111111111111111111111111101111111111111111111111111111111111111111111111110000
00000000011111011111111111111111111111111111111111111110111111111111111111111111111111111111111101101111111111111111111111111111111111110000
00000000011111111111111110111111111111111111111111101111111111111111111111101111111111111111111111101111111111111111011111111111111111110000
00000000011111111111111111111111111111111111011011111111111111111111111111110111111111111111111111111111111111111111111111111111111111000000
00000000011111111111111111111111111111111111111111111111111011111111111101111111111111111011111111111111111111001111111111111111111110000000
00000000000001111111111011111111111111111111111111111111111111111111111111111111111111111111101110111111011111011111111110111111111110000000
00000000011111111111111111111111111111111111111111111111111111111111111111111111111111110111111111111111111111111111111111111111111110000000
00000001111110111111111111111111011111111111111111111111111111111111111111111111111111111111111111111111111111111111111111111111111110000000
00000001111111111111111111111111111111101111111111111111111111111111111111111111111111111111111111111111111111111111111111111111111100000000
00000001111111111111111111111111111111111111111111111111111111111111111111111011111111011111111111111011111111111111111111111101111100000000
00000000001111111111111111111111111111111111111111111111111110111111111111111111111111111111111111111111111101111111111111111101111101100000
00000001111111111111111111111111111111111111111111111111111111111111111111111101111111111110111111110111111111111111111111111111111111110000
00000011111111110111101111111111111111111111111110111111111111111111111111111111111101111111111111111111111111111111111011111111111111110000
00000011111111111111111111111111011110111111111111111111101111111011111111111111111111101111111111111111111111111110111111111111111100000000
00000001111111111111111101111111111111111111111101111111111111111111111111111111111111111111111011111101111110111111111111111111111110000000
00000111111111111111111111111111111111111111111111111111111111111111111111111011111111111111111111111111111111111111111111111111111110000000
00011111111111111111111111111111111101111111111111111111101111011011111111111111111111101111111111111111111111111111111111111111111110000000
00011111111111101111111111111111110111111111111101111111111111111111111111111111111111111111111111111111111111111111111111111111111110000000
00000111111111111111111111110111111110111111110111111111111111111111111111111111111111111111111111111111111111111111111111111111111100000000
00111111011111111111111111111111111111111111111111111111111111111111111111111111111111111111111111111111111111111111111111111111111100000000
00111111111111111110111111111011111111111111111111011011111111111111111111111111111111110111111111111110111111111111111111111111111000000000
00111111111111111111111111111111111011111111111111101111111111111111111111111111111111111111111111111111101111111111111111111111111000000000
00111111111101111111111111111111111111111111111111111111111110111111111111111111111111111111111111111111111111111111111111111111110000000000
11111110111111111101111111110110111111111111111111011111111011111111111111111111111111111111111111111111111111111111111111111110000000000000
11111100111111111111110111111111111111110111101111111111111111111111111111111111111111111111111111111111111111111111111111111110000000000000
01100111111111111111111111111111110111011111111111111111111111111111111111111111111111111111111111101101111111111011110111110000000000000000
01111111111111111111111111111111111111111111111111111111111111111111111111111111111111111111111111011111111111111111111111100000000000000000
00011111111111011111111111111111111011111110111111111111111111111111111111111111111111111111011111111111111111111111111111100000000000000000
00001111110111111111111111111111101111110111111111111111111110111111111111111111101111111111111111111111101111111111111011111100000000000000
00001111111111111111111111111111111111111111111111111111111111111111111111111111111011111111111111111111111111111111111111111100000000000000
00001111111111111111110111111111111111111111111111111111110111111111111111111111011111111111111111111111111111111111111111110000000000000000
00000111110111111111100011110111111111111111111111111111111111111111111111111111111111011111111111111111111111111111111011000000000000000000
00000111110001111110110111111111111111111111111011111111111111111111111111101111111111111111111111111111111111111111111100000000000000000000
00000110000001111111111111111111111111111101101111111111111111111111111111111111111111111111111111011111101111111111111100000000000000000000
00000000000001100111111111111111111111111111111111111111111111111111111111111101111111111111111111111111111111111111111100000000000000000000
00000000000001100111111111111111011011111111110111111111111111111011111111111111111111111111111111111111111111111111100000000000000000000000
00000000000000000111111111111111111111111111111111111111111111111111111111111111111111111101111111011111111111111111111000000000000000000000
00000000000000000110011011111111111111111111111111111111111111111111111011111111111111111111111111111111111111111111111000000000000000000000
00000000000000000000111111111111111111111111110111111111111111101111111111111111111011111110111111111111111111111111100000000000000000000000
00000000000000000000111111111111111111111111111111111111111111111111111111111110111111111111111111111111111111111111100000000000000000000000
00000000000000000000011111111111111111111111111111111111111111111111111111111100111111001111111111111111111111111111100000000000000000000000
00000000000000000000000111111111111111111111110111111111111111111111111111111110011111001111111111111111111111110110000000000000000000000000
00000000000000000000000111111111111101111001100111111111111111111111111111101111011111111111011111111111111111110000000000000000000000000000
00000000000000000000000001111111111001100011110111111111111111111111111111000111100110111111111111111111111111110000000000000000000000000000
00000000000000000000000000000001111001100011110000011111111110011111111111000011100000001111111111111111111111111000000000000000000000000000
00000000000000000000000000000111110000000001100000000111111000011101111110000000000000001101111111111111111111111000000000000000000000000000
00000000000000000000000000000111100000000000000000000111111000011101101110000000000000000000011111111111111111011000000000000000000000000000
00000000000000000000000000000000000000000000000000000111100000000000001110000000000000000000011111111111111111111000000000000000000000000000
00000000000000000000000000000000000000000000000000011111000000000000001110000000000000000000011111111111111111111000000000000000000000000000
00000000000000000000000000000000000000000000000000011111000000000000000000000000000000000000000111111111111111111000000000000000000000000000
00000000000000000000000000000000000000000000000000000000000000000000000000000000000000000000000000111111111111111100000000000000000000000000
00000000000000000000000000000000000000000000000000000000000000000000000000000000000000000000000000111111111111011100000000000000000000000000
00000000000000000000000000000000000000000000000000000000000000000000000000000000000000000000000000001111011111110000000000000000000000000000
00000000000000000000000000000000000000000000000000000000000000000000000000000000000000000000000000000110011111110000000000000000000000000000
